63654735
84619079
3296130
41192394
95456323
83786373
78200911
41120061
86232016
43823838
60248441
62485705
18269368
60295444
15788724
34303332
23905444
56472960
31048361
9827129
33821167
6265923
99538295
80393065
78636096
30956500
94810742
63413814
46689714
21347777
85655417
11458228
91820920
14357436
73677011
33136072
31064575
17274228
84127289
92498920
42859476
19170992
37008142
8654243
49413367
30957314
40101771
53392457
7458528
3813086
40675530
96385229
29204436
65282020
91892987
33122764
77710447
61245668
61468408
88000394
26906251
24018262
44261201
61154968
40999479
17336641
11069948
11975220
701996
1813490
9987977
57449953
79638216
19988632
92954894
43763163
73829011
39525195
14941930
58387187
25894002
49007370
59167089
19792789
94444154
31071332
15748017
91437513
32253268
30354633
58873730
27185174
87906818
11961873
77757684
90399726
30580366
20476920
16227229
99810489
95955584
25326931
4426951
41560404
71521279
98177430
25799269
42762390
78198236
20303354
38534131
41373719
23343025
13226599
6363676
44902032
8337011
25783726
4546069
99286271
11503663
71180704
15978329
96949262
94810387
63498921
65761399
91417109
43594059
65752631
29936144
72281211
18975840
68701031
94549791
90968123
8560110
29926919
49310426
17494226
56656845
90979717
222080
71597686
72955959
3913227
54671509
97971558
17479791
66505741
88500889
30337181
49297440
27819226
80233311
94773188
64742294
32768434
67622898
7262434
7100101
9956502
37103471
56464163
70821460
519960
12768328
82426822
33864679
21816157
62733135
60085898
51195413
98664045
68128632
95812730
54872710
15850003
5426322
71790421
26235837
68033974
87827977
20050749
13474937
85116402
71779941
59644886
93272971
65934423
3238
38280694
41409107
91929270
24252378
20300938
99953299
7198755
88869347
72538393
89868971
75898408
34240349
42527343
59618840
60995511
82543541
57494952
11816370
4645962
15663746
86968844
98541727
62621823
96919075
38748982
71704965
42750468
33648202
87548072
76252091
37461096
70537463
99801973
75905058
25817789
11401762
29676121
8597082
24931493
90805618
70484369
26653465
99739328
50501891
38510229
11048565
84647530
69502128
39620498
30525850
76285322
72078057
99107426
97400250
20126393
75257796
81499814
10156703
30718954
48027195
25240786
72202372
27227749
44965963
35480958
41909212
11973227
6815255
5158967
49112411
77231747
24200849
66989062
27554737
97834712
96768747
95169283
19947164
34790837
41482413
53791416
78265888
62340212
94178582
49624946
17150070
95772398
11431406
9115150
21299243
80357592
29855758
72662723
80555024
93887093
77365822
23415956
61418133
82614436
93131279
66457406
53075570
42822405
93418382
60112044
74084783
32914667
22039838
63176548
27146174
89944844
8000490
45790643
36294179
94452691
67137886
10118057
25133712
23747499
21264349
97773348
37215385
88485872
11267048
20301398
14533196
77441549
27991745
61205300
66689944
86373978
39059314
37960810
41530943
83304953
87305502
8357760
75926742
41714650
88189188
24853481
87678547
58664725
24508053
56550874
77480978
35413158
36224583
880297
66650015
10121587
40776041
97863945
87314717
23182945
22609258
49917671
33256238
51907388
70080380
99309980
14610267
36347706
9666695
22325101
96498324
34224816
20630992
67419815
35450805
13445945
90561231
55280228
21377247
99516804
36563624
76649902
1515486
32739057
44906187
29432949
13451416
73219354
54056766
82390217
92172757
73323162
93554071
54687146
446370
17502112
31874967
76385052
93243236
24932857
42655610
3632684
73385892
57579917
58411298
9131013
25505973
28775756
54751027
46592235
64105271
72678791
61335241
33054926
91971014
71353433
31525635
10662502
80264149
73243199
54829464
53145888
95690398
48269890
67302074
25226265
71236086
15384791
57053525
59957569
73968936
38180504
75239664
37083168
13983067
55804500
61175300
19998071
11588591
59634376
91778417
69496784
36519761
34785732
78742657
81990059
43276466
13324029
58758277
12511473
41152847
9099777
21307772
86161037
40539517
25010462
15993264
91906843
51729504
40348337
16927426
24729244
85819543
34555607
964500
12726828
99464981
48637231
74644848
93105749
58675642
58353860
58947533
19498785
75722560
861564
86372155
7353214
14860524
21115469
40436834
73213028
57331440
24003209
74759272
7392407
68019613
26527571
56288407
18844663
56903558
71446046
81958902
25883950
53867665
4438005
45559615
47273081
61392778
71420853
8054460
59364740
45494329
19990918
3180992
26399110
49803677
91915101
62357833
26398049
69258430
34101633
10772785
28986280
42982674
40403377
90512875
4587451
79106233
50795645
28790026
29204224
44657895
59262904
88916200
45257313
89484172
41984701
95430195
63812854
57173601
64256553
55750599
14266397
1110175
19363492
93695247
20002890
39600045
20394804
85570553
43857419
549055
98272311
80664441
56638311
53398862
58081032
18667617
66497360
21677070
87930044
76123900
92932187
40732937
806502
98023861
31208366
4379834
90404809
58154399
5168564
85563457
89579263
1705210
47895582
67381099
46580195
63536241
98826272
21300866
59882474
76839216
22547405
825276
27002944
58052653
10538115
74309245
58560553
34267330
1848940
42349845
66748711
3691750
83586917
95177593
19126272
7848979
15132587
94321209
50631857
86021636
978218
44677126
83670328
16486429
71706894
26011938
7069496
86032542
56815931
96534332
87739196
43722229
42007367
4618998
61346455
99800752
13951345
91705960
62335219
38731471
31032690
69111832
60546825
87533749
92279287
36659428
44431298
87627721
77156091
78400586
8052357
12649971
13699960
52338761
6490535
14045114
64770012
89234396
5921353
4747687
8411071
80301891
39153894
18507561
81039280
39729964
24855362
70596911
83936633
53144728
95207903
8134671
99503667
64428411
60827314
11349970
41871228
22364682
87499831
52648187
22572107
4264674
11450952
28259471
91589990
86137630
7744081
47450574
16817975
85487835
60101277
1208126
23426104
68079801
75020279
33955565
24785549
58371772
60421390
53752553
4377598
37564185
13971980
59279175
79152535
67897856
66534563
54449706
42273904
44565631
30525297
5118210
68549580
81447449
51446689
58368481
66704178
65800576
31931024
19361892
37302517
72595923
40473620
50801583
79297632
99235726
20394293
17384689
67750861
82339741
18541438
52773206
7642018
14181861
26447527
52870162
5429188
31429309
91463821
89150510
89322089
437614
47767724
96359669
469679
7090342
67823420
16176983
95808432
91077194
66370202
9940689
93918793
15743896
72148537
2854062
3236768
98385786
42641129
78110378
90939826
60194317
48982844
62998955
70306991
80055625
22414540
62426246
7453351
52905326
65633141
48325141
29345327
31219369
58231426
30279434
92311793
17908503
19838415
48634849
45430750
4615594
24758992
31403277
13113056
99007385
95763380
76154077
94932781
53869329
17471831
40591888
68978444
23394047
12605501
53217108
78023291
79117700
53311946
63376024
42734925
92343046
72784711
89226562
45992104
22450301
99748240
71035159
61139004
55487517
30217981
7487608
4912793
89816454
12864495
88635742
91466420
3120086
40826383
46231637
6560312
48152476
36487941
4937235
80980330
31701842
16387528
67362548
82617163
16796946
9788023
20550725
95031005
92669098
83866572
96664941
10073234
60466146
13334009
10363972
58448055
62500673
76072926
38759719
45113291
69509717
75225396
26267109
21832451
2427138
26564688
37712849
14029876
53316376
79572103
49174377
73132418
14579859
71280968
33304328
85177666
44219278
35246296
57497367
10331059
18022721
68906104
34852937
12142382
4651598
24147302
80809705
80107501
13626504
21283264
41145377
81117054
10112810
17867923
89368956
26432378
37827293
21362811
57670122
57252269
20890249
41174084
7933331
31562598
91228184
20619771
25910901
5910084
4411190
26687577
13250290
87622677
82118491
43480414
67577310
28900117
36479679
63152010
10889581
86902679
81479741
26172987
52917259
31880847
22243012
9449511
42655638
70402695
34785362
48327849
11412183
54522098
69876548
27438484
43108356
89067216
87007102
3778757
89355329
63222389
72109299
86371721
56999927
29352831
43631381
41745379
5152558
71903728
19727006
49747355
84223971
64681197
61207518
2138146
54939780
29074773
85187396
74685353
89570452
34407900
28549572
52967477
56431205
58504281
7852311
9940107
69923203
71717040
235575
16923951
52932643
66873981
23911515
77981695
27414249
53138069
49645163
72155609
87427699
50425661
82867719
32275971
61310411
43821147
87128928
53399675
22371084
49870199
25767446
89224254
71435788
79035492
72475905
51863867
91492960
91721320
76005054
98747375
47004318
59485044
52892441
71605749
15686564
83438341
66264409
53270812
88021877
12122440
69763510
22112580
50078142
33157665
46560732
81667194
8250395
68557369
83588452
6745859
50214486
20805743
20101475
44079394
36310467
87278753
90622885
82167408
35669190
66017157
30388685
78027261
2092738
97259679
12201244
92084310
66530489
18989022
40680354
24835021
9443090
99967992
70331260
84025693
59224804
78589687
59336411
14311281
39210246
73811269
50710092
80409410
46542295
45310440
99023485
84844072
41253493
55082136