63654735
84619079
3296130
41192394
95456323
83786373
78200911
41120061
86232016
43823838
60248441
62485705
18269368
60295444
15788724
34303332
23905444
56472960
31048361
9827129
33821167
6265923
99538295
80393065
78636096
30956500
94810742
63413814
46689714
21347777
85655417
11458228
91820920
14357436
73677011
33136072
31064575
17274228
84127289
92498920
42859476
19170992
37008142
8654243
49413367
30957314
40101771
53392457
7458528
3813086
40675530
96385229
29204436
65282020
91892987
33122764
77710447
61245668
61468408
88000394
26906251
24018262
44261201
61154968
40999479
17336641
11069948
11975220
701996
1813490
9987977
57449953
79638216
19988632
92954894
43763163
73829011
39525195
14941930
58387187
25894002
49007370
59167089
19792789
94444154
31071332
15748017
91437513
32253268
30354633
58873730
27185174
87906818
11961873
77757684
90399726
30580366
20476920
16227229
99810489
95955584
25326931
4426951
41560404
71521279
98177430
25799269
42762390
78198236
20303354
38534131
41373719
23343025
13226599
6363676
44902032
8337011
25783726
4546069
99286271
11503663
71180704
15978329
96949262
94810387
63498921
65761399
91417109
43594059
65752631
29936144
72281211
18975840
68701031
94549791
90968123
8560110
29926919
49310426
17494226
56656845
90979717
222080
71597686
72955959
3913227
54671509
97971558
17479791
66505741
88500889
30337181
49297440
27819226
80233311
94773188
64742294
32768434
67622898
7262434
7100101
9956502
37103471
56464163
70821460
519960
12768328
82426822
33864679
21816157
62733135
60085898
51195413
98664045
68128632
95812730
54872710
15850003
5426322
71790421
26235837
68033974
87827977
20050749
13474937
85116402
71779941
59644886
93272971
65934423
3238
38280694
41409107
91929270
24252378
20300938
99953299
7198755
88869347
72538393
89868971
75898408
34240349
42527343
59618840
60995511
82543541
57494952
11816370
4645962
15663746
86968844
98541727
62621823
96919075
38748982
71704965
42750468
33648202
87548072
76252091
37461096
70537463
99801973
75905058
25817789
11401762
29676121
8597082
24931493
90805618
70484369
26653465
99739328
50501891
38510229
11048565
84647530
69502128
39620498
30525850
76285322
72078057
99107426
97400250
20126393
75257796
81499814
10156703
30718954
48027195
25240786
72202372
27227749
44965963
35480958
41909212
11973227
6815255
5158967
49112411
77231747
24200849
66989062
27554737
97834712
96768747
95169283
19947164
34790837
41482413
53791416
78265888
62340212
94178582
49624946
17150070
95772398
11431406
9115150
21299243
80357592
29855758
72662723
80555024
93887093
77365822
23415956
61418133
82614436
93131279
66457406
53075570
42822405
93418382
60112044
74084783
32914667
22039838
63176548
27146174
89944844
8000490
45790643
36294179
94452691
67137886
10118057
25133712
23747499
21264349
97773348
37215385
88485872
11267048
20301398
14533196
77441549
27991745
61205300
66689944
86373978
39059314
37960810
41530943
83304953
87305502
8357760
75926742
41714650
88189188
24853481
87678547
58664725
24508053
56550874
77480978
35413158
36224583
880297
66650015
10121587
40776041
97863945
87314717
23182945
22609258
49917671
33256238
51907388
70080380
99309980
14610267
36347706
9666695
22325101
96498324
34224816
20630992
67419815
35450805
13445945
90561231
55280228
21377247
99516804
36563624
76649902
1515486
32739057
44906187
29432949
13451416
73219354
54056766
82390217
92172757
73323162
93554071
54687146
446370
17502112
31874967
76385052
93243236
24932857
42655610
3632684
73385892
57579917
58411298
9131013
25505973
28775756
54751027
46592235
64105271
72678791
61335241
33054926
99315478
3277899
29001863
34472056
29628390
61765034
28543592
67576187
39460121
55367100
41048519
71089261
17211701
77587731
71599837
89054517
47396862
2618571
28477195
18138548
65122625
46728685
61447616
69038155
88989140
72766429
88711636
50194848
66515480
85891466
39814796
70491906
25324221
52012501
51537418
75609087
36656319
81091531
60148652
88968841
22425194
26724225
86669386
76663210
97617182
39238511
48627608
38898631
84003973
73525956
8686976
63102907
35432268
91779415
17110424
50229424
77735982
8691481
41446984
66310463
47438975
26634886
5449318
67133237
89711103
39878555
80901416
54754800
81854401
65704614
11050819
73403854
22989991
42022681
31640880
95049190
22956157
49254570
19180921
52109280
11278837
96359631
88272395
45045078
39113398
81255766
284235
21863871
1467562
29401907
40518487
27975041
47126432
13114555
37106147
56762988
61381502
15799078
90157354
71378727
62311544
80345026
99234251
20290084
99526876
72891866
82616634
75703206
23159488
41801049
25003999
96821773
58457142
79365297
2547063
17015181
29732927
9846309
30487851
83051346
52772935
98731675
41686497
71309373
33800986
89953989
26386265
78752534
18937665
27420312
92377726
83567238
10713101
75388032
9106314
82425080
28695140
6568127
50648473
12757124
66648653
95941877
99397712
35128694
86619272
38753798
41292367
55963814
80984163
30338093
25253089
23550757
35636191
72422003
75014001
26663044
97211906
94416346
48507685
69741394
34413061
52445098
158211
77103554
98665109
89841022
8024953
49967214
81288827
67272629
24963697
67528732
61423154
71191257
48489720
79638118
39723555
89401156
83485432
63927288
39701383
74140003
52512483
25638012
26740802
44151152
6333565
60299849
44477156
51033889
36165176
2151685
82767975
26198414
25136074
58468983
44332640
27620700
58140693
26347706
81412076
7815962
2820251
5401208
62623182
10906556
34369604
61668076
1724489
27867682
44585905
2533436
40762081
77498662
94365315
15565525
82873414
84790571
38679717
88103186
59475636
72541073
21098830
80034768
45029155
68702816
8720849
23050868
57051895
51161009
48635425
99342317
58139135
22963186
702732
82084716
64560308
80883232
52738117
40652505
23927531
80959392
3541529
80571905
17491352
2000759
47707467
38430769
50100202
63553965
77195794
72105994
24936791
82179832
12322152
97163860
72301490
78456026
73108539
46545379
6691930
93849982
77244248
61370568
22673460
33766365
8642103
41123210
6693494
41075807
64295384
64851316
93928231
36538498
8722920
96048677
22598155
9051629
31992656
29812841
12615501
81542015
26740714
35676349
19606918
18311959
94655007
80400221
49964256
6539077
10583905
90774995
7589568
66751473
32902598
53478871
13334307
9675072
26135458
45184894
98184192
16854293
47172133
36140614
64332814
43871525
64444402
36981022
83536867
52042386
80465952
77803098
44968559
50782050
72556154
11863302
85041534
32327688
2577372
65636205
64840902
29726414
95316297
65124338
90445069
59345374
48508776
78603907
91127220
9012671
30770694
44840476
85598465
32161668
49732289
64605583
63436833
14578886
46932179
47325464
3368675
7227437
54494467
69457374
60866886
6345144
53056066
19478459
77663982
48606680
43012505
91863322
39624369
53807182
48801109
29525703
84888367
59843858
15355646
40705216
99595304
78035806
68376884
77666081
85572188
98809561
41271166
57309820
37725369
52833572
63158165
65027078
29598982
57036113
46744275
33830273
52514984
25326194
59538729
51824422
71879412
91220993
29757010
39740796
97792342
59078517
67331119
3662497
45953422
2277660
83825672
64859833
22689720
41768759
41477740
87783382
36126845
76485592
87368242
45519482
69854489
67028158
86601387
8915231
44382651
91353204
71498174
77712114
28670736
2526118
45931731
22868120
90912016
75813484
30302830
36302471
76827858
78770611
27865917
67887083
78190
59268680
67257455
55279698
25272537
5267249
95344911
58661464
32172797
11244260
64612972
8731229
42127658
1374179
15974306
65433996
10157841
62116025
83258474
24788300
89302132
8377541
16052436
41026059
30061372
18247184
480478
5643168
37515126
30545833
30446226
80374083
20217530
93156530
60304026
28270176
16584829
18138069
86631539
66109176
67986609
87415578
13708073
26650457
23055516
88117467
68525474
55428296
89327983
26389281
89511021
11114427
77411754
23632628
9108395
22020262
44408193
16882624
54009210
98568699
11266284
98061872
82920902
21269702
43168642
68519269
5441082
97294556
78622190
44395699
34142481
4447247
65079386
20905972
68016049
56490222
12523571
1131123
18063199
44609709
54804388
74410033
69975225
4049013
78297925
93039175
11102167
3379093
18995610
78016299
74162220
17586552
81775666
74575934
87913786
68596143
86211083
9062872
79299258
17975683
41311524
89616763
9433103
58069628
80960483
87168664
24244774
15409324
92117272
15358430
48320618
47021373
62973501
1757226
99530799
84673091
73993080
46110830
29002789
34520521
34666806
77228344
94401369
75540825
2080832
87830201
9376430
84824149
58606323
43315760
3116675
92824952
33998583
81955884
35996028
35442625
9783562
52582723
29917259
93002865
10414517
11469627
25069001
11100590
94121516
91623699
70436019
76530703
98583313
26037811
40905092
7538749
8026409
18083592
14337978
87558677
78631434
94875774
42517082
93987342
95565863
62014117
92128592
89985842
53227514
51212646
70156584
91303721
86792868
25114220
11963703
35047738
11832960
77029278
30989968
94711231
9463931
48361547
14238493
35397348
37640652
82887684
36636796
77633499
57830645
41168980
99675796
98460716
59014146
85451948
16329008
6908465
17703901
88629565
99199526
29794383
77937769
24067687
42282751
69076446
71833926
29920716
18452462
35932492
31604364
4103759
66066097
99816001
97487600
50389522
55578833
58634509
43148221
60380921
42846750
62772284
68833464
19607114
49160278
92020749
18114412
86396423
82401522
51679939
62559990
81009290
26550159
76987108
45601645
69282242
40545224
90141235
72244343
55476091
99021202
89671610
94076776
81509198
42162093
45816015
81393414
31196401
97054834
22065370
10573774
69114446
50716755
34943524
67653130
76600621
77463541
68969008
48385604
76454747
57730494
5787118
84280848
74209449
37023198
82221305
44386900
76310337
54962533
83631243
38063733
6132760
8705138
3760285
76288305
6193887
55140986
80959690
35243570
79850880
75273408
27603195
56967678
26212944
27473403
73137895
68769479
19344595
1058817
54100103
47165957
66230526
38691372
64877089
96997514
77941974
36224086
49617574
37983262
7775891
65640204
6952496
79257267
6244171
90010498
35526833
62323057
39489103
64882365
36414821
56753186
62314825
60742378
33566
99110562
36584002
24004738
66871281
86488182
16266083
49855845
91107348
95629395
45397323
73907413
3307874
37221121
2422427
11201273
25103459
88764488
65458276
50590565
78227800
47615705
38344579
49586887
7110213
40531839
55109982
67331388
56756505
48374621
7268259
44985078
88563884
14653234
27521954
89027462
46878352
48742556
84428559
3361239
44672440
84074447
23804223
16134044
76041570
35904124
21520297
80780813
53948640
2847561
60470414
26028393
12644562
50053385
96147212
6309727
46826689
84584679
73819679
82387110
93890758
5249194
64644007
11218167
17854903
79986394
60962409
44094437
92613809
26076313
54026014
38085753
66140599
56345568
29443704
94222939
64445647
46496453
72516758
68532996
31599115
15669846
68876035
14945881
21084066
55926666
12728988
94666507
78200827
25366022
68438840
66210218
6899906
82615773
51655012
42304999
16314166
1300652
20618536
61342296
42505471
98334412
29291732
74070147
81986099
97369199
32539332
82888610
40643185
21423126
36899788
24288309
37863773
3812394
33339986
9768729
76164165
73682201
89033040
19400910
70963433
72540370
34717390
40874565
82620034
73389701
30222631
72341419
36773234
69400409
67409177
1186729
72845906
74293319
77072652
37157876
2543815
93417486
73541036
57476339
14450726
53626361
18021089
75244740
68086852
14408583
62432470
76050183
11808523
70656580
52995815
77723765
65770015
95566440
69443129
58519704
93778816
86295283
3301626
67855234
47029178
41055170
16870217
19395479
21005077
44621932
11935821
21566294
94594995
55647641
71399521
7553304
1274341
5996754
26949106
64846559
94410354
38522093
47091167
80530692
7864976
91353808
74016951
25248456
51228515
5517117
48346442
46789070
15558780
34724045
49600375
73533614
55745008
25491925
59514218
24728356
47704286
8847464
99037659
88590478
65764708
22544788
36090985
76187111
35461164
22026639
59258908
15490945
85291624
46931837
20753770
15414391
42978100
14189005
61487151
65514949
75854591
88893556
84620294
74671669
35198286
36018680
15047226
25134171
65641275
51907701
40814619
14892638
43174106
42882040
78768040
50765167
5259526
80096475
10459711
4868349
16634954
64076257
18164867
45444764
59691614
12688250
73580625
46592356
8274972
80287373
14259329
51764544
4864659
77180698
3418334
28492170
61384508
18357731
2408218
99742301
44097141
13223143
48980452
50346556
27503862
83481829
49193077
88862527
52623022
71462258
60566332
13507733
90068669
95761896
45060497
90400431
4086107
88887818
13309519
13795918
40648406
38866239
27355714
55827927
89245249
82849520
14144846
58364248
94332733
87359647
2607869
15869237
65089557
95694772
46323661
24594330
86110793
57612668
2795516
14193629
77794477
82360180
87642267
91179753
67417697
66224367
1221744
16451141
792617
66909875
17260298
48687953
75531285
97189931
4760835
97702384
21531004
25125861
96274249
14512460
34943860
18827196
66624353
20910626
98232292
16923630
39299309
98893884
33418985
55896188
34862625
24643888
55367092
65400111
51079254
62920192
81487482
46327614
56768696
29721517
58155109
32540958
17186114
75239382
81754591
74894711
6063928
13113299
16367699
19186183
70004449
52535443
67004074
32969819
39098897
87256028
23368720
1901208
42677728
93165258
41685807
58901546
2791713
89700868
74336806
18276579
33457740
53046880
66336505
83215119
80887974
42062730
90646899
32286958
87355368
16137181
28511960
71363238
95689961
72664441
21520498
68368164
13851525
26904007
35613434
32206505
65756962
91379482
91275530
68484534
42395308
40969526
35783178
67556532
37312821
18259105
75572551
57352364
19592825
4906230
95649045
53329014
22013359
74580846
95316731
3879034
59005993
34105516
28851328
28909092
42526840
82633684
19020547
86785788
95524956
60344915
76402705
76893300
5902963
51012178
32479195
82020826
35667309
83193692
61311917
95781519
21211375
6619168
44975271
24208582
95523101
62623158
5891155
76987858
45389776
50420830
78899211
22243362
67694749
28390630
86545426
2404330
43235390
9846462
78176184
50557971
14146689
79858832
11586862
86672125
59189579
99721875
67364867
63447366
16890887
67123278
87823255
94958729
62764073
91659403
74222176
1066484
69129437
28353530
78995016
62031524
68208245
75141822
13131899
38234127
84842266
50331746
7905561
61421660
26296931
57101903
20369445
17481901
67774847
78325106
82717452
81890795
73115827
37491948
32589384
92801779
55049274
75790569
23930628
805021
68480974
67534504
22940681
80126041
18274812
83738677
69423101
61798956
95148299
23858239
49791612
23561697
92326632
67478853
38139858
36228359
62402072
31486043
8745672
20401652
34148139
17552990
30542990
89921220
62911309
5792993
91392155
10392598
58891135
75277704
63382526
63741758
20374781
22700272
27828361
823963
92333741
9690873
11860639
38866184
32724051
58209210
45278746
68581460
503289
83271695
85774046
16690388
7497028
97330884
13538721
80600792
56070093
74648050
30902435
83365332
10755214
73310881
28220169
55432868
34589731
3993263
95296170
83244640
15873027
44703940
8973350
12889911
63257357
20036009
71710744
99448566
24503404
95721368
34498448
35117281
88688686
64563442
38887579
85488202
45526569
85551715
96153947
77421418
2694308
58558006
10169727
29725946
69255619
92880068
38825155
84266936
51017340
70640315
37307219
93714592
65612807
14172369
36483987
75814967
49077089
20474346
38128267
63937333
23589885
61923833
75089530
8772247
46801409
19104624
58080636
40436914
30000677
57691549
63087078
38742664
42787875
38415172
64699421
50835762
11952520
20370469
86412565
46845138
18133245
87302642
47255885
53180802
84877870
51714118
76111679
5851390
61223111
32007972
63509356
83608471
15072217
10095117
76499497
87261445
49651701
36625866
96482622
63816789
78793743
41574012
15877230
67931556
56555860
39399791
6735946
13216774
24850649
36213991
29943413
30287671
87842736
55589566
78328314
59052815
78128710
42517576
93483146
52710975
97525564
54824477
72877270
17984574
21247229
47894623
87164419
35488236
11487274
81299406
68679026
39327533
36070839
10119805
10103015
98990858
96974583
20545795
98737582
80629785
2143342
17962751
41139949
97260348
41069694
95277853
23881216
67010623
59709277
70078341
50542915
46489856
28511607
16581234
73707660
51039945
39749072
79363258
88317993
81325091
98920562
33982412
58369615
35318270
21368182
97659049
28897718
58735389
52795131
12684733
75556347
97132828
86525689
35990993
5632286
27133112
70710551
79859525
85274230
79802570
27275550
93031994
2768360
91379465
8160344
19402048
30458963
73514755
74468702
21399436
25049084
85374853
664336
34906987
97318988
42422306
77906619
37283970
56265264
75881382
23445649
84842018
92857679
49965474
63959695
5468577
59587525
70994442
72763430
32960274
18451366
85227402
91905306
33606366
57510065
63387175
53729486
71961715
22599603
33729275
97984582
31195128
17382728
62570684
42703166
43734961
45198006
33650435
96285197
14718991
10268093
77877675
72213583
5408554
8169266
87158283
98161251
31323758
24799779
32868561
48160358
23743054
92480486
31705784
39361219
2832787
24126149
66641836
18420855
59421804
89498696
78865654
60668540
78108755
37582234
1059725
29348733
94878728
28410228
55233195
82877314
54310146
45203809
98710652
76685417
21808521
7955173
84142582
3392289
17379779
63281453
62764418
92645104
16944315
33858176
70023781
93314757
2456542
61984705
56276631
41613572
35026631
21186084
98970546
69085121
41665574
53281444
54582881
54494251
59997783
7604977
6798147
59833670
9169016
27871938
42282026
41823419
37444721
8666090
33595416
46960653
49823529
82491813
69830862
7572785
83940360
66711970
74200928
53210121
33588454
36805173
23776301
30103503
73511329
87269323
8089200
38249949
70357785
19492466
20800395
29663191
35661133
88773221
24779686
17014120
4768926
60891744
8580179
8108311
38521210
56408426
69809306
92918055
5082201
28708893
98614118
91666032
26689898
92741471
10711049
25958093
7284190
82137627
84888629
76934655
6016113
36868362
19123016
96785361
69092564
96839110
82668722
6955311
49153719
90376904
92612883
39768678
6098724
91316445
56792042
86381653
2407089
97739097
66713965
94011046
51275622
30879392
12281925
39210313
48648141
22202439
87430571
99780707
46777790
58631023
15725521
25914048
916926
76327835
37997564
39933697
44253383
64541002
39663228
49197007
42562757
12454627
70197078
45875645
41969883
93818380
74763901
42680183
84200502
75949365
18139011
6600239
63399437
70383460
71115793
19859656
44396027
10198675
27443213
59151251
62866673
26985638
41514128
95857258
62282509
92710262
10278348
25350166
72847964
35098964
3791603
48087852
87917341
50970156
51195562
95631504
94314097
19562671
3938368
49911579
51317163
69512694
8028576
32222397
56242193
64416140
48031760
10204646
4944697
5635060
43100803
27648113
31037414
18114802
82203226
72193100
30996676
47536541
90759165
32515238
42707269
76890409
19770757
28093567
74827996
93492157
59225207
39831227
10488468
61478644
3676993
93587405
34024358
89485479
41565806
95765087
97381725
85482362
79860587
69545915
67614280
97631601
49350904
68907262
22253552
5380937
36221492
75110569
682426
11729655
9259835
18285510
36700919
61872728
21584570
58685020
44584011
13373260
56456950
17829198
14095326
1125827
91303045
6562106
45775621
32110998
5426354
28064497
72979836
19434000
41945699
2567465
65169262
34338672
62104313
94533207
59645460
14172556
64787376
39165956
78353772
76850528
27745719
98072866
35111130
35549579
70631437
74985381
89757270
80972697
72414008
10470239
29063255
14186141
33955394
17520345
73191103
13131885
49924885
50860883
44154783
34595380
89693350
76691370
15739392
21953306
94327604
48996696
79446135
72887408
67317014
92277924
69088971
6075294
56958469
33081234
80723565
12902259
38477972
28443195
70804703
9889317
58704399
34524148
42193227
99493695
88954497
30644148
85834697
77093645
90769882
14478490
92695993
45453809
91756606
76294461
50926972
90772752
72813240
14652654
91556445
38007423
85139674
91795801
64903010
97188597
10435003
65726245
35055212
11663080
56529480
6376228
58571275
68953728
64875487
15525033
94305534
60827237
87651315
99867381
19959695
67911283
77119114
31398180
18724842
54323169
29384423
14823586
7645117
5438654
29442655
42730822
55321413
13351770
54339198
24592673
79364679
34410448
3059899
92998835
2948646
29565939
56335052
30288676
9692504
73519149
26151514
98359208
26261600
41453509
16946503
62792628
85734
61670500
26333293
76583834
43966839
39296065
85887968
78776363
23986794
84486526
8829452
39388964
57428906
1008687
2435498
35521865
83630061
25252295
44297228
82371999
37741672
49249638
63809967
78620741
85195227
9358834
92110103
70424077
5334056
67852636
58837697
13113262
9418524
6785802
54024535
75654085
54441937
28088940
98372557
36345130
16586464
33311013
8806867
97919807
82690880
54781805
90644037
61798905
24007968
7306537
69373308
51034643
30164914
28987085
20557408
13689420
34455885
9773796
8192396
79410172
86572673
72229989
4245919
1245961
60169340
19255985
64710749
19177577
18892365
65667157
69529591
91363222
49998078
48039841
43373679
47400708
27076289
94629782
94500789
71159151
1653901
33227318
84534220
29870520
625871
14918889
33569099
56138677
71055518
34843510
690385
86919851
80929684
14391481
72994810
16060673
42062121
10220267
20563233
37704964
67449715
91336120
57846151
26423347
96365513
25343624
4891211
50128027
54468628
29038161
13753105
9284233
879753
55102880
51606960
78566597
61989051
24237868
80784685
90275659
65366684
93193624
36357226
70015888
34100057
79886072
17339029
96184626
81129358
41118902
97137766
31076347
85703406
72654538
47334153
7485782
42635677
47595003
81381802
39853338
24100395
82348854
44782643
67886376
69574701
93803510
82808496
89741932
73710958
71351153
23775608
26317369
95954230
33639200
14526788
28685738
59804814
19022638
17729927
78602971
67864325
33047538
63044890
55908415
74692018
23265527
17053785
64141349
52087061
67252702
22280885
71978117
43206946
84998119
84508738
41021286
13447434
53071877
26538814
27513278
24541767
45591364
79558456
31380421
25348143
28835706
65800761
4743759
45801835
10771464
20612603
3308561
15171238
1443753
64010655
39901741
10716288
52520540
70721608
18708010
94189404
25130813
98646604
83926169
52707776
79282491
46186130
2615394
38081327
50872947
83945815
4019126
8245421
42189951
36502941
25174778
87239241
23573712
44856342
61680891
40347829
28293865
69529416
92277448
16647167
47475334
13693004
54750614
36624582
10989473
17764759
35977724
81076292
57339207
50459014
4385353
1843886
95245065
45827289
51135383
35449796
26668534
56271521
18239420
23193300
95079953
63640131
93520148
96510971
83535265
84775110
50391196
7488767
67396335
40506644
90379022
22916112
83465994
24418938
95688495
99616194
57880754
24080512
73454815
83832739
24128723
3827049
29216570
97848279
82480809
7249578
65336224
47421623
16470600
88148507
33820016
60463489
4873290
27322565
69290559
86419988
57901366
19902883
30653265
34824886
97624144
39081525
83385040
69365512
4706216
68450515
57345959
30977625
67785629
98707539
74673377
58384487
71219316
52131456
48062246
28445736
29845852
87123252
57437856
2384884
83224149
66992789
14918368
44837239
22242571
55424401
35942616
1476315
42933400
43556634
4685442
10949290
80900090
97659947
73913710
13400289
43625500
78538737
81037003
49653849
99543840
1633230
27246185
96015237
76734528
12315640
46294716
78392740
63322103
69093604
3573200
30567317
63286290
93370109
56476937
2377428
18962311
25796009
39781037
2822004
93775804
80550292
96353936
37189041
30656701
66769406
38538896
81122979
48202384
44660138
53075212
79517940
97851360
60412885
69571415
99887142
62596809
2188380
79661360
79902704
86353959
98957573
15957627
16968857
52284061
29940528
42061491
38592969
47135376
86785791
86553417
11545282
20760842
77721052
27380002
70625885
92251927
11665343
12825728
92439166
27622236
49253894
33530317
4121658
31046870
47752812
93522313
67162954
88888264
39758015
7687
16248906
29614036
13770894
19816277
40424813
76052862
25427069
75582975
94649122
25511944
25540667
44714046
21318831
44240827
75336402
17822763
80566653
92581237
17497939
75452710
18412515
63581440
3889880
14110141
61189413
77938992
42535388
77830127
28276543
15488204
9617803
68787248
6457634
17211356
65091839
62923918
87955678
11756718
14525307
4520003
32585257
7145014
74373705
47224413
81741141
19791396
41950810
5025109
82036324
49923543
19650622
23511510
90361054
46102631
74753730
30646013
22457677
67491964
23481067
71170493
79897403
20033772
86375231
40465811
19226401
47551761
22007268
63571443
54441714
65974646
26062515
25749268
55681082
69977205
52160198
65187711
19427644
50649862
13529840
7483056
20792959
56755912
11442254
8226971
78855416
22481018
33411729
36552392
68616173
21186629
88328774
6434125
41315728
82349837
64999339
24058161
5547942
55728753
18982628
53457220
69688053
66910089
93059992
71766731
47940104
96922303
68861263
12927224
65376922
92210659
39209488
99971424
65336055
80831305
12442045
64187977
94585727
6026619
41552908
13550962
63157355
86132170
2376720
61721816
60717741
33646093
56359368
35998547
74187063
576025
10999697
34094751
25100821
77005372
57671845
83940929
36186994
31498655
81721345
24083409
54861662
73622455
42953470
81689538
18758913
59004255
53828355
85239029
67151380
25186987
41192359
66949177
79098147
29175040
6628164
51684055
91218588
56514055
66569462
85376404
61359033
82125013
79646447
26143826
53208519
82651397
46055690
89079064
93316488
80692832
61709866
52773680
39842271
7777424
88720560
69197005
42063800
8278208
3761643
40654952
59803976
20542784
41165061
95207540
54040190
71173487
75452126
19319315
81084710
1759704
99383548
30481409
3080078
34905135
92162297
73268544
77784484
72317421
26896593
12957321
34598576
51624153
60254205
41708467
65881790
49533170
63026549
54690485
51526262
20688019
6681326
36332319
67080421
32540084
48096291
21067883
19873712
53230805
11014726
10531568
52554576
60803146
42397439
74366889
782721
80280134
96739999
54041886
73482803
52470160
564105
92017118
46773033
87076279
42424149
79226679
44405490
35665280
62605294
87197167
58985046
67943367
54495547
37507269
98950113
5157276
76101525
93676599
47620592
32440733
31371440
85356048
36750449
49475687
8226974
89712773
62679615
24796253
1767329
14139775
54212816
30757730
19908941
30665903
28029367
855442
45196992
31858862
89427304
94542789
19386492
71529622
28989631
48064581
27173786
54962582
24648093
94770327
17048869
12967058
80360694
54385535
14739195
86472391
7774087
26500175
95923950
55459581
65878985
83986118
62675842
80740170
47072630
30872028
18911406
47240920
64614161
8767062
37782113
64505480
70401111
989115
69853285
88958307
78960770
3235706
49074802
42641508
94322587
92577758
90699048
27838020
91791536
53757249
14296959
11003253
47456410
60278741
96249154
64622896
1482411
65860650
17559425
70278564
17529652
38123929
91943899
64227279
36045506
89947642
28516704
80673009
40514513
93932824
30169799
22385092
96217132
38638040
26976923
83274620
36478907
80134580
76540466
92979851
81078736
77975277
554791
98503259
2895062
87097139
3780723
14178078
8381004
1824504
51570930
72482221
97232858
62386047
72178605
43683722
10975839
55741484
88806141
52062343
27761041
56174928
59110140
30181650
76577733
27435503
94638444
99664566
45186907
40970981
97464410
43853053
48562109
10708730
37159965
90140872
26429149
57774080
8493571
69772000
33715633
4368036
66745564
12439107
64339213
33651614
17665842
13216507
89301273
87119873
47712494
58508699
50289081
27032150
86013943
65510972
8626715
8573961
54513535
28679587
70295561
57771141
2475854
2759966
18886391
59847020
36694164
35240361
6975112
41158278
69474009
98195962
11645983
10210127
69062464
88801429
73641322
33920581
55667289
91284233
84641830
30017040
74605416
17194852
36520180
888170
92016363
73437356
69504515
82591252
12124082
66415461
43365105
72439049
35998941
11895859
54791467
69769054
40429837
48434874
4665808
89461935
14033465
92075942
41857481
96349498
23132653
64424015
4438330
25227466
32468414
30984110
22185395
34158607
30657959
65009753
96306800
94336975
12108424
51373781
76816063
28673453
66396307
53356745
81566065
66959494
48184556
61308509
61529037
98847864
18556164
99782765
40041424
98088942
22054339
49174949
37655351
57761676
15051588
21903022
2541896
21964815
90331960
34031404
59409498
33144094
75285746
83549903
14504282
40007261
50280710
32697717
1642547
2165545
26732232
67518136
57105575
40579383
19253650
37320754
76044727
73138352
636594
17274223
26665544
42935974
52305537
97242724
28472595
45850511
61849263
92145293
62757134
33615257
394736
17247402
82193052
64101656
74534420
10925977
85956722
80133349
45236552
30335054
20667040
13548605
36876280
82800899
44909686
97531183
15040018
67888324
36320579
55187802
89361666
58479174
96984564
65783548
34004687
78203475
98347955
73116488
86756078
11020402
64045658
12080139
92513437
57783708
28268454
82987149
1338281
26004268
34235271
89113156
49971904
8409439
89854891
43714271
63695785
52177917
94018730
4402264
90333194
74882346
47476101
8598932
44262946
58637188
55465074
24778406
22338997
94746268
14301799
61663298
81711428
64694868
37925364
64732724
76598892
77889491
89582819
31893897
67686782
2284035
4073343
40373701
64924453
99487301
31578473
65760605
80621192
83684283
38891592
18199539
15222210
92795036
62566673
58032826
93071301
54134550
39410144
66122855
18176357
8653732
83064748
95768044
80610412
58976069
83523933
38006993
91096176
16335332
78933307
67234515
30044999
43640895
26410059
51297625
46060151
36593314
30091201
31165465
85439907
85920295
64224278
22821111
24821750
79532051
55516169
19462310
78672179
6723692
58702967
81063932
65746162
89838276
19663473
81171172
39050394
61956029
24558950
66294660
75041614
17842924
54579154
19537242
7343414
22346316
39042695
97395380
1402036
18374372
37301755
87672936
92650259
90785661
85114865
36585707
47069753
38396529
94937297
44675900
36335231
25937895
10598036
80599395
99552128
94571762
7295434
49407390
98865937
69852501
63448522
81066491
78286926
76452215
40720040
49427236
24976914
3239559
86063774
61198371
34247178
58342055
17210831
88419960
84094724
79117510
67557356
27352494
39079511
7643284
76168355
98108546
43770674
71301603
63262169
26943766
462197
63040642
33507092
77975361
46963523
73431059
21613150
5534987
55334794
79141961
43286562
91639571
48931419
61260230
46073755
35410902
565581
74017620
82356314
54246363
97442150
47558972
93508687
55269525
83847511
12278635
80267047
55869085
84290009
13846662
26144737
9640759
36912591
28184148
24650695
54809951
1862599
84100987
66717313
36502741
75144854
94475749
28628222
98174046
60431824
87415941
31178731
7035103
75861428
72081627
14046470
36367129
50388479
98535515
45763465
82458267
80905131
89801767
33973924
50687740
52410635
29384660
25093405
66352460
70742713
21463904
33734527
31657174
82979923
71202358
56011936
63201023
12681321
44085873
83514640
60344917
94807575
40206167
15657730
41335505
88000477
88993260
66853281
9555823
4798025
15385575
49884158
94259285
18204222
7970317
90335757
26518214
14338569
90024710
76274360
30247374
14995997
2508159
75707841
1067291
65649093
55105441
1912956
11532481
91851213
28467346
72853242
11339647
30825869
81075373
96224226
52280869
91425432
98369931
71207583
60508624
92796828
20496504
24853984
41578264
67549203
21532196
80427766
98083790
52636217
58714079
67531984
4330890
21401034
88719325
10327949
25039728
52834261
22190885
54736743
65481117
65836070
8962278
24932023
361365
59946523
34259181
54494873
88067094
41305961
29480951
83892819
20673948
64049269
36851995
93069112
98661819
15736424
60637602
45904619
7508375
23303620
5431354
24897339
19633667
90274762
52465743
2327905
96495271
76475442
7433744
53823106
71905453
54178528
86891798
71311470
2924126
77090957
59247122
27434738
6945165
89912185
79112720
52386494
91725266
89495830
63113418
66820850
6649617
86950359
77344833
27713783
19121451
31263548
45369695
17489628
89282102
25376042
63408944
12787637
58842657
6868000
69528750
80637844
47328557
34512259
42787982
81928613
23573710
60288535
53012055
75549722
91553855
65864194
97838086
61952489
1410863
78708747
40154701
26283896
73839643
32402624
27969668
56536682
15194445
48425874
34581835
49552744
59521100
71012493
28753238
76698145
74818304
27954608
65014321
52911720
49656180
25039350
42047894
94895523
72344951
41745665
45363966
87228573
55908350
71398026
1997007
29376411
47539504
44850601
52320767
45308160
93102892
27064929
46488629
87327096
4442903
63580860
90664900
94668074
35444887
62227328
26781473
57605370
71853313
28630434
60095973
72607433
65594192
50278056
58457356
87536909
23364588
65711387
70944935
28385082
64762756
59395000
60590449
48333102
49473123
31810508
79439338
98005480
47501951
51285360
53405798
32659090
91028120
52121496
85375850
40408761
26812311
71954896
10674276
33705114
68803082
52652960
11338207
42217825
47450938
59950895
96936482
21155504
81206603
74020948
73202957
63031461
5551702
52836199
81123688
34210278
71989737
71329922
30656722
78120152
14719631
48479767
50603575
36144998
8273937
35919863
50704495
9923033
8790945
96343785
36712717
75735224
48017571
12043157
95695886
75135935
46148880
65881635
27573922
15650712
77539025
78867848
34918134
70208729
55057315
60932729
51577198
54080113
4286546
55056383
83662253
9269221
80830831
16206932
13987333
66166542
37134470
35676029
49820619
73250881
82787512
67464220
73481669
58616982
51429481
17994808
87955078
7339877
43424163
93404624
45161704
98373965
74533229
55178739
15467398
13513528
54729397
41237209
8962430
16663406
73407602
32065335
76836140
52190503
66901916
36622782
26675625
74100231
27034573
36031807
87404325
86562194
57710763
72834719
42044959
90448356
67060608
87234819
18190189
81340552
77086453
61430182
83473101
21760569
4760199
6857025
75649646
16500226
84922676
14142525
56444580
75430390
68813410
3823099
33942841
37434116
43055497
28136531
2443935
44262137
17963037
74757488
96873994
98850891
25995589
30454235
94976868
36929946
85282723
20031416
35259756
53201416
74950661
96983669
2143406
89174299
93669001
47326777
30774981
27251149
90652412
23138900
28296486
7830920
33534629
66882776
12285412
8140425
18117161
85592988
74217587
50247307
77278055
78878934
1554499
95689847
48476401
9425912
64942983
76198405
94958442
60682808
91564470
48966762
89388721
62956072
87254839
29072282
57584481
27345930
47132714
48921101
17592404
54044459
23346629
91964356
25410319
78962496
19114894
68865556
3778191
92266802
63220900
53369332
19190736
31334870
95668786
27782982
15661078
42511530
81527290
96408676
43268114
9965118
36364808
78525980
9827217
76090517
66381567
61436827
16892512
63035688
18562304
14517775
51119436
81655710
4929317
31114955
36924732
41163328
1848721
71798798
88593761
71440692
97315668
56947861
79475579
78606092
42007284
39727421
90688157
4530849
97957500
49426544
39357744
70541450
87498609
69998800
92092401
7975564
4824106
83007196
10810910
6468072
10799456
66380639
64053845
58493499
77093625
23901842
23048033
91319990
57606022
56658677
97425899
10266352
91671448
35950719
2238368
12732099
1808769
71721080
43763570
56990225
4473723
34718173
53652209
52232974
32411683
6828381
78071972
30850778
58899894
64489074
98751661
92424898
8118438
4028567
20589492
38532618
55889357
12708647
14444002
80611538
90835481
18039770
90568073
13199612
75934087
22931754
73897456
97315426
58942564
53063613
24997029
94022593
35501841
73051739
22149077
88666492
34169561
63009613
17404065
991341
13345269
77427512
78333868
79100901
72692665
65961050
74612348
36838025
97128664
52071847
71735917
8177461
26077425
12042108
67754278
76401519
85955900
36247738
51114709
91987451
6142521
58827469
79784176
79768905
26171923
55566323
93427524
7884811
53497543
9582068
95533216
7370956
52166931
67375643
64466144
41000137
52681420
30227610
9492658
68285341
4207654
42136478
15705765
11086983
77777149
47120989
52220218
60679433
65068580
90091185
99116141
25580186
15724837
55128466
77485007
60249778
59377241
61105127
65857166
15690355
28927201
68325823
60841435
1126442
50269343
76153067
37414661
95579454
71735379
36518584
18673004
90719769
78449148
12908357
53411941
33695061
10520483
48627088
10984695
4933517
14381435
81517445
59359949
46546268
18667673
34503489
59159444
24911802
64464576
21395846
69625332
83562305
56272031
89721552
36957990
4215831
73811780
31697809
96797721
92282583
57171667
67448334
60656262
21509970
80634030
95986068
74816795
71581414
39371101
89741704
50509704
67767997
40481178
80233330
1592257
19320621
51307283
11198793
19391196
57724731
83523784
41057900
64182520
66748744
71670231
1434968
32418459
66765605
93065735
35444892
37236096
79283452
50923421
87416359
95982698
67956163
25215193
12390471
54172766
9627568
38867522
7712292
50600284
16923819
51823783
48078276
85395107
88080618
93789233
13945758
44345986
83106368
6929108
23787682
99786811
73986143
39291857
63220545
11597594
13307587
79781381
26757472
12450859
86784226
40702573
64135733
35572888
11402370
49936783
64373331
63185320
90400415
76056037
93157580
97537983
46254932
14940941
16734590
2850983
31316362
22245423
90170351
62587373
44218778
71672963
96907349
90104750
46451408
84360282
14593840
40673739
10145570
447985
2554327
53527486
72983111
21634184
31087694
91610966
14860779
76135386
43114420
58173134
46209189
25584440
86229234
52925170
86564493
7147852
15400778
44970793
17822394
56881581
3277991
29277443
6198185
25389355
51779348
8129364
44946345
73041110
81133888
47066675
20228533
81203150
24714486
11471237
35435693
55191826
8250938
35808418
77942011
38701660
62664748
3748468
9722806
33185470
90480118
8329216
90665986
86736705
24177596
45914662
62593962
75937158
86111393
9663820
22292714
22197843
48708036
20513342
31703003
7240869
57607306
91300837
92130212
98154827
82598433
95642889
8298350
90524359
97486911
28858473
47739630
13638373
12577742
49407815
74879259
76086275
11598636
86937961
51465518
80153040
69374632
91331231
52609345
36324637
88609641
33367360
98814005
79183310
51638031
7157736
98024049
37972652
14106956
38001929
62544775
24944605
71750294
66586423
79351191
2480881
21698601
17582240
58378328
27274217
39707464
55132397
71384048
57375544
27897108
88675472
40854362
96227501
64284116
16467619
67014384
75171979
50051739
86036816
988779
54817706
77296362
54759956
10297135
34847523
39136813
37811387
58254590
99887507
52190633
85297494
76205471
18351220
42967120
18258659
46445133
30209565
6633643
90975874
26176351
57219
48217032
74452675
50927193
96334734
30416892
56117827
43429143
74351583
90013410
47634853
2706561
39328106
57552953
95207118
38311387
39464299
93812520
90408847
13334791
9437502
99009823
31542334
61282923
34437767
2309328
38367238
78559943
3337737
98373298
27682172
3888825
76320680
6717864
37997984
84430720
23068447
46884702
31421370
99129717
85690779
46727225
49886135
23939355
4703958
62536333
35221643
42161549
94673269
92994268
61293912
44909959
33652129
86322380
66911048
47926963
88313492
21896759
1161188
30603403
95505136
96156426
4192426
75392661
18664047
36806269
35389944
59406373
49861581
14562729
80591183
27650307
44079286
32638318
12432327
53322971
59181037
14291167
56050248
99350162
65753172
1540923
60420608
79309898
3883581
88349227
34135117
48746232
35438943
41834378
47733850
21571277
81163349
61664333
39677904
37765667
63075702
37399786
69685675
56252528
87134752
85866695
97075661
89253732
70978016
8841023
29379769
40784213
48098612
39397411
24800983
85835441
72020078
26073837
11202675
42922059
54078120
30859453
96668419
70570194
19106346
33099396
36489037
10252148
54541871
20627493
93415153
99131512
15648333
15312857
7263551
7806233
94741248
55473408
45505746
31360820
13962456
91491708
66152323
74543142
6543483
47478736
55304043
40868712
90479731
9991777
30354472
38260424
45015069
59792788
93014853
30048092
81947783
85615950
57580119
1517137
10564978
75175484
75441701
47519419
5259622
98643505
2006665
16440806
36985283
91554095
10979210
64349382
73849683
74695854
73716855
69577350
28604578
10441148
41979349
84493053
24197479
12366622
18371558
57153844
55747914
25969599
28695373
31178024
58595304
66228464
67983796
11304396
49769407
67148355
40973777
48795976
52410348
76107289
95210164
16226415
63764368
43711244
80189568
83308962
181982
57908915
68662556
21134850
12058274
35590597
48144969
11621415
33043829
52742038
34213556
29555257
37632434
93832649
3382890
32954704
79798659
40290605
17409704
71764015
91446434
26249733
85261972
57417866
24162756
99734200
77221178
53708913
20132823
70684480
3858164
4666747
47552617
83239537
54354670
13593221
85465258
21203800
1255545
85117769
66115113
87631519
76127487
5015954
48646899
55244046
45505491
88935940
77274775
18803921
81112135
26821811
93309345
18008928
38234285
8210136
79596449
9599123
32098212
41995427
34327249
56089905
34980618
26088335
57698611
59986082
77445241
11867434
51249070
23993785
49502339
3399075
17870961
74963468
71393932
32401650
18703820
26672143
6460969
52221476
48645710
54851549
19439229
66830956
10297384
99337541
94830198
13072880
63661457
46199145
42582632
96344490
65264369
48958966
2884685
58695919
61753602
11012051
2249541
72418563
65871563
76674877
98922050
53280509
90350687
95522314
98582591
75052382
22546634
11822689
17972984
70660891
102638
57728784
20915881
22807763
71580945
37388719
20954970
6145644
46376988
25756714
60883986
27726116
27670814
84559597
70840966
60564201
48637666
56328401
18392046
94172419
15587993
61160441
17159370
16439450
3413004
34658690
70221305
41878933
11755154
32528772
89593048
64609362
94286079
64091227
49620715
82027026
49308642
97184596
72318740
64499102
2935100
89399075
82711255
87192081
69081760
72246614
713747
20923127
12742124
34478082
24877260
52514628
19881767
46690208
60597193
71133334
68255956
60132959
21550746
31193886
79505489
41945609
13175538
93342432
97233799
49594860
48435056
58057745
90004470
46703383
71580582
21280184
65889844
96268046
61080987
35573404
8318514
38642539
74540244
17567528
93857993
32249154
84662601
54931298
14935502
84026978
71918835
16872385
97407702
62106551
10675549
76206253
38935849
49674662
69947436
91328679
71987288
82160339
28159062
55159371
44602029
83906803
54262833
34183892
30654807
74405017
33573388
76360450
74328514
93247257
81621173
82209559
30590852
97131227
20735887
34498673
3049858
16972161
5338752
85943143
65504083
63240227
66396090
64209221
12039914
33485824
80916980
675583
18263030
8666918
80590123
79728525
77288554
14430892
80894414
3176459
55085814
62675012
36104786
77396332
14894389
47486994
97878310
59230739
17818201
96727999
79234776
41357906
94982373
67473288
41527597
53822621
74479152
76830560
73140238
81492494
18794125
20571403
60860337
17262586
28102332
43042714
69738988
59761538
69183582
76866915
63486324
61543736
4785493
58843541
8286703
7305829
22525324
51615638
34102119
39444840
17661506
73934121
12234323
4019025
20509780
39787200
4101335
66674971
41725014
24727092
18646015
55876489
50135210
83851518
83352107
20790268
17615056
83203342
4234735
36520609
49746335
41873707
66267558
47568620
26302594
93150833
72962489
52776861
31885291
43593558
16728506
5778828
41555095
67353495
19973275
40717262
58559271
32136542
59112358
58968202
95057755
83317995
11130158
10638558
23954642
96796558
65722804
46150705
41304466
63257862
81471457
93427064
80814653
39289629
85134713
79635073
44039133
84051708
57861618
5262081
56934051
38923034
87905251
44556898
26707911
52247436
66884683
13562504
11485771
85146482
8911418
3490480
60713107
20969765
40442780
29229013
16802715
76711953
4499974
91027675
82374087
83304739
29995989
52774868
92027693
90152928
3191323
16146294
64397285
1185951
24961369
48813401
71154311
1985964
11350762
34839309
18304256
55603934
78084039
77787668
42339858
84630398
90475074
43923011
28185891
66484744
36253152
16128118
16044697
76569658
89916075
9383137
5462476
28967003
83576732
3804701
83523462
88627512
21111404
52910737
88057365
64395525
25389678
27755
57057950
64846894
63519810
32156539
72542401
8848080
54087105
52244664
72382506
4996248
15811052
1446379
38467585
22650695
67937196
1479524
61618941
24343659
89979346
68330977
66809150
891879
96166954
9362244
52100525
73362610
45415637
60019185
76116798
21417327
81232703
49065661
76731803
48368423
48709653
56514413
55896702
15479264
330382
55575382
56137016
84217491
88955535
22251640
95084519
77274980
63312763
53212530
19332476
87054167
63285560
34567511
82916024
60159723
90075817
92403854
11619724
77829144
69682911
85703278
8136688
4212342
56263776
61665305
1717329
31657517
70639726
41907314
57183190
13583459
86593004
12893285
26906961
54397337
72885297
78984472
25194758
96477600
93529933
92338885
77122082
54620570
98331394
29627612
63446259
22290075
6028528
93982729
65234001
32302874
8005896
19700794
59642402
41331065
52162418
83114970
86022495
27061589
67639282
8400026
20890068
29801447
29540342
74430866
39022292
26266488
72928678
1618684
39626383
71971130
48824707
33483333
49360959
21319409
9574418
14940587
54166997
86379190
8252331
6601800
30418789
24504532
39312933
92250399
88515800
36522998
65391581
55631256
43867469
63333495
74859363
82939578
78393727
19341662
92982924
14073525
6137326
19146595
44443976
61353418
85017639
91513182
59750205
28233419
44935902
64562963
11135294
64890878
28087319
75333268
73264617
41570255
61957154
51675225
63327705
33092803
21402066
21816161
73381039
36223634
63688151
41149985
86679949
75792372
59655899
34312659
60109101
10197356
10281316
85163552
55353461
23797220
11172701
22907297
14895531
98536716
8788731
54246514
12752859
79970481
29396783
39904824
77022920
13956070
71461726
20802019
46655613
9864660
69386277
99472764
38895057
9776402
83028524
83266604
42235052
27413919
70496046
24296954
71691767
4902272
10405543
50958028
76742857
78069100
93814339
60590724
46265498
98359299
72339839
36245346
18404224
10333863
48487455
45459041
3613859
31063516
1641910
7454695
5736825
58975909
27749754
11963819
24937698
86435490
88511693
74907555
79766656
33708503
18140432
74660058
22838044
71910516
42204585
58208114
59026368
10755951
67874833
79831076
16597207
31069299
79944009
91598048
99928433
77172380
80524699
23822118
44888420
52367193
64379752
34490352
30590501
31685578
92587451
7852378
27618823
34676734
84559214
81050758
38142675
46741715
88753106
39364060
9050725
63805000
12547704
10387187
87459129
88801303
42133694
32500650
42685670
9829510
35797010
15824901
84678081
62787108
38320453
71214183
89320398
5357122
12994355
14279581
92477207
4730714
22505290
64473621
24802320
46322458
67500634
29319358
33567950
97011502
54003135
9424001
43775997
79746584
51294479
12531508
59286246
89875949
2321061
51308606
73869854
96660408
60052247
39011406
2865227
5976317
67851257
96992288
70059489
98904533
29759780
47262500
65072862
84869878
63280927
4380775
76823187
22462546
6053860
67415980
20280815
18261637
5336233
35131774
36920475
91936161
12025591
78572983
67640416
9749414
17138345
17111024
74479361
53964598
67847010
3739150
54987200
91200352
82963403
51273917
41360945
69837846
1375629
44496015
384470
91384814
4714996
28700498
42008996
25123132
72309592
93431394
20321677
74439392
24021456
41262321
15086836
9404194
89902078
32526559
39137229
39387488
50621620
49677817
48316167
33325594
44875943
58135006
1577057
90870698
90003226
58102761
45699115
95160319
28783508
13656867
2652576
82553331
22041343
59181175
26176861
71650521
85220067
42584304
6557404
59632373
15708267
7508410
32910478
21262845
76082930
47988916
47315996
86762059
16388359
64074987
99384511
10673708
62115045
644916
33537397
6804776
54498629
7892218
51024837
85888241
91402393
29447056
43816319
41438934
67402507
34545891
15532275
31093246
59070783
66995990
93661398
84406111
15212744
28265706
51779387
94316023
36754562
83175103
37408494
7194207
40711352
43901912
84513682
28662788
45631235
87193291
62823929
69407015
79101651
27434560
80228516
83032492
9364580
49714635
90589319
62160093
79614702
4460498
99706577
99344850
54155386
29280593
44442005
5185378
30483127
18746222
19827583
7607883
77177403
90798136
88121971
81613280
7657642
25697216
94658919
27733021
90273064
43948576
4019741
66720500
43354823
69489578
5711791
63514296
40924738
89410587
7290362
26832183
6433787
66120225
81335877
99783221
37418719
36025259
94454184
436467
84658781
50097477
65536379
73854357
69508357
52605155
97556127
35835171
52654137
33592912
78060270
97464940
39265506
26846656
51807764
69300329
33131512
5253055
9570357
39484720
54495224
42265100
89569624
45583154
5650397
16410477
44099317
42419135
4520327
20918563
78059252
95319389
80474372
42873343
98237105
52806748
53179374
77706583
10533339
13887591
68231953
90930119
94391220
34193147
59686871
76563701
23323022
44586364
2849713
27178545
9284126
44384362
41632839
63722966
30265310
88701714
2282195
41277027
70333639
80448758
58676689
48033700
18734340
56816494
71522527
5685405
67867528
26427861
69383853
66642248
25662787
53386348
83481526
51585840
74037967
26753449
99721648
84619576
66256294
17626391
83988695
88805307
43823754
96520694
95902660
52991979
23496119
4457869
37505321
30828647
83447300
25413159
61408907
27897165
10448671
71790282
22149574
36468710
56148586
8032877
21177276
98307104
72282707
26005905
31761024
80425934
12206714
88358932
92541501
2208180
65992850
93866477
93538758
74077660
68953252
54477106
2975857
41106966
51243613
72131307
57768435
2990202
96579405
4184446
27902531
36327412
34732684
88511691
42190090
78401501
81307469
51935081
27608411
25494597
58255603
79331501
18637229
34334606
91671027
24362541
16022155
19136131
31573506
89757714
73237834
34588403
19347265
69775151
37915338
3605412
82646069
73600512
13706921
34164405
55542437
43535755
70708328
4096346
19970511
50550103
49716392
52634407
6029397
54917469
471439
5877204
82106449
61995916
68481073
25518834
48482020
67154024
41736812
25389752
20543513
52175227
26092124
96040253
16888326
33429903
68951420
39106024
87511006
39609004
21950213
39600849
81489057
19738247
39427086
38117781
49568018
16702619
13027081
26299884
14157179
60733161
67927668
52676937
41890192
92158321
67195152
77488925
1013254
866349
91486558
61335047
83451568
30155949
21152629
58988094
85377199
1377073
6040338
96418038
85860935
6256871
9699773
69940493
74572557
41171250
85570462
62396211
97106618
69797201
45992011
23332198
18692552
84072310
76987755
87136386
43329528
80419618
76458561
66707259
92088669
28306041
6209614
94278351
60197497
40911618
26771216
44645002
39994262
63005884
25592864
19308939
61129939
20740588
68496581
83048800
55497776
83800592
7440380
78437476
24072548
81042964
69057383
30961602
53817318
71491659
46228788
49015929
27809002
9474417
68810195
96380130
23193093
84243294
59063328
85116846
73586457
73252750
74316918
95821697
1191462
91960842
70265808
17764594
76316020
36353590
30030615
35529658
2160510
19498941
89967197
51695702
6409799
48801717
55228530
95185025
29752523
27639144
5963304
2644423
46740087
54095861
48805216
53971940
87850032
43786153
57761504
24729709
91470572
10481621
18704283
44129359
74738063
78425784
7467474
85598984
618156
69061944
14170928
59967210
75638301
90848766
77929742
83992091
78698443
30183507
94661132
87745604
99586652
12721222
70350030
80509349
3309023
3078674
43947413
43435376
2539964
1797095
72957325
29066831
46907550
70137736
69369401
77494036
87086288
76492706
43050822
66126943
69074826
75570648
13624781
85065138
2815407
37100611
96455446
19681039
26117141
37382225
60412446
46019288
27644771
75751138
16925800
2264125
44650037
88655904
30057447
82361328
83832812
96580257
85342828
79593088
43851544
56934873
50209816
97110464
60773862
56177011
99919253
89967830
45649087
11242821
8650895
94947265
46527848
62168586
4746125
28972365
20149262
49423090
71885733
39567643
67659098
17144407
93491029
57989394
12101693
14647389
58201294
4353839
26847771
1857473
71189565
52563504
2602954
11018179
76489663
78469584
41890058
48744970
8286407
67674283
29347363
25662865
52328824
87054601
38650257
99348586
48851191
76858111
39454568
4527255
39810381
63070184
64590355
78149872
41724608
94955953
11333106
41823393
85442162
16857719
64052324
89232109
92309244
13173231
48717773
92088890
60959100
52085281
86806444
36702061
75168717
10869375
95780439
42488497
64407876
25020661
89766220
58884543
50459433
80057613
67735076
92387737
52340281
9890827
23982058
23084337
78069634
50081866
47338466
48337551
37786805
54409109
58615899
28231565
41225971
82347308
75399542
78226445
72029469
47044911
58810630
40371464
7357900
52200987
20748989
1894046
94293530
32406377
19477984
40979478
98911437
84172932
45788748
99745544
74330729
51399498
87839978
45494863
17406
5932414
41345501
31734482
50867417
48157025
68374466
49483965
63210635
43003331
2205167
85694295
25370291
90675454
58563921
59362011
17663400
37229909
29364776
27740094
16252166
79180867
49889359
3750828
85453923
93528425
27591780
60925332
43075975
54061664
31328098
80115178
49292600
18986541
52712534
89585926
68352428
87367074
90751921
74329145
71889356
86370612
54962423
95867841
92848165
86862840
27077151
68008468
81572004
64359602
24112465
90469846
24058346
72425415
84058034
60715727
78093543
73179172
1566755
5474144
45771737
19158349
26562131
34005743
19424678
60705524
17717734
8664751
61805927
70794883
17894155
54481534
27953322
1392330
56090318
55210691
37522126
38592512
95568889
75251659
96347468
59914676
41370111
18602882
48384814
23274091
73472568
86439489
29222838
82018939
51377859
2204527
77785029
81970517
35524252
90197253
65085470
91747777
85224772
49333263
32892175
99915929
2424076
13782407
65916837
46518093
25517491
79767432
42637978
1162804
70359155
38258286
38775878
84877616
43074793
5256503
47238853
82826690
85273712
48681751
57665474
36821695
5636239
49470336
97171337
32720003
28320479
58146199
5594310
89953133
82628682
53344826
18832595
3535071
2956235
82877635
5422705
2587145
21001795
84933208
74089883
16968729
53292546
35010930
79518027
3192629
61947441
72346929
60830371
15968527
99097844
65342918
33205326
95294955
13196738
77796678
91550835
59786296
54131844
35821789
37484398
99480035
47232356
98207500
14285052
4416706
93368742
28308622
15142148
10789262
14268105
29485097
90666261
29713113
69873531
54036790
30553442
83307042
76615443
608123
62645599
83318402
72121409
88466016
59994494
28898089
69573695
17940962
42042463
88815317
4411342
6735418
1626676
39963978
5303001
55778684
86568138
52817063
82278044
64724348
5782983
59902867
29333585
32554037
4545164
74759669
98003653
93058514
6364412
63435939
78975210
90491370
58485249
80795123
52318419
23056468
47268456
53037107
54427659
55138882
41534196
73373003
5689727
68960533
57932223
20301618
42066746
54592503
2585647
49452364
71276387
49725964
81205211
7230507
94236390
64355714
80982261
91912698
82998463
94501746
32728943
18218600
91101591
43037892
44223080
4594910
18702554
48918928
63870095
59059707
22708971
18708019
66660851
63325706
76942033
94133413
328040
38596684
26288194
23492993
60207993
41297140
9468021
88788072
28133659
44262571
49903872
60490283
11011788
95364097
96323470
94365674
99385363
21886329
88883318
66303454
893768
81579029
24493427
76577947
88406922
73338298
79180097
6188117
93935059
70290377
32790542
16210903
97012485
4567327
72368834
44250057
528877
8790609
69550733
66535806
55070317
31810506
82845676
37902934
75596861
39736935
26076923
15057708
55201869
32723017
93187422
92720507
30994901
38427038
88191278
89397250
61863532
12004322
74275825
74899139
25325081
98533341
27501904
8679059
29836784
6890935
51476044
4197436
8228161
53494439
13990071
16314927
73474833
92636393
18244994
37807601
57366626
22065087
65351904
51537838
56669923
19068039
41362408
31522786
13406010
87993275
85256259
15704782
6459990
57787798
23348187
74670843
10035002
32478346
11056177
96318555
28443590
73217838
68440461
92834087
54093502
77304614
57574787
55930029
89680789
3168307
89613723
89249674
18699318
21153649
44134759
16461507
72989309
92372789
63337108
83928497
34067534
56421503
40300082
84581864
15010721
18666463
56941531
62227845
75556595
49579198
85164408
82691248
40790896
43201886
80189963
26429445
39706515
87143353
81822527
95279947
64050743
17132490
77901326
83974094
67730540
89453956
25613184
7955565
53470574
33445216
65494651
12448115
67763529
17592277
28462431
81660607
58397847
952475
88826761
4765885
66684690
23792445
29642214
79498413
40210126
62805723
38421502
37260944
10421809
35422450
29516331
20124696
9186461
94884470
50860119
98298324
13496603
21031883
69379131
66589764
97011710
64616928
70319120
69838925
83296068
91238894
87501050
30117698
24811745
38722465
91803166
63413941
48063296
65997066
59746834
27218558
60175569
93345227
6291134
85245656
91296168
35241906
51450568
47662915
61200028
88660539
68249983
79689531
79979509
97946256
9636472
42230685
23778358
22486792
48863502
71564423
37275996
48337011
14908214
27106648
52503391
68097904
23106689
61679786
77005460
38590449
93843907
1730991
78599613
38182349
57156527
78953905
16358876
98636943
28804003
86995990
81439805
8916244
72368429
30643772
88066403
79579869
73854995
10456655
53329152
26742325
33345607
37020830
29375143
35487045
1943513
88780029
7353065
71205382
68596167
94136803
90875969
6723862
75726996
61395151
46432200
65458481
64645669
47111926
75838897
32928880
86724912
26331680
30013456
79142319
20451322
90161836
20518019
44663900
4428723
72898903
5858145
78163355
58652833
46137808
33724571
23181630
61691211
19113533
15444621
42303196
39709392
58916010
35215164
86504827
11641221
29284198
65847134
356885
73990511
32721830
46223603
94360045
59657996
50588447
45589820
39283826
47355939
3261447
84433912
73167126
86989361
31787805
5908795
60975864
56316612
61153842
59149155
60891634
26727322
12838271
17033123
68169439
5297914
24768959
77903300
1802140
82291541
10889261
2764491
96218577
2806172
53244642
54167626
89726989
8203068
73742489
22032365
27027039
96358221
94514551
58953076
52076426
65074597
26300858
72596105
11403328
59651417
63156921
21941572
28529765
43201010
39491549
66794928
6578006
66941363
52911613
33617941
29963549
566005
68356857
96306330
86703557
50981336
27111729
62731840
9714124
77161831
87203543
14637286
8253490
82806895
62365522
80335277
44173933
76366932
9253182
80872501
50257758
41189844
42115492
56380278
28442256
25313920
92122527
1848432
48925990
71058093
20877571
9930460
76207611
99871392
57743542
74542009
97963430
18405384
49865180
70150132
82181633
41287731
11190370
52937674
29203722
11596419
89690767
63599952
76134386
54516957
9009790
99896899
77300548
46098812
37567019
72347107
55062072
99412952
37077218
13988528
10989553
95729629
52287655
15340430
816171
63516
48685177
1762647
41477736
61750559
51102798
51960792
83081702
36964051
54746073
80840938
30663594
70518697
31136150
5782904
34542704
171093
36664873
47448482
85611933
76367915
20193762
49027313
59588535
64600176
91015760
76272885
19545304
73418744
27374676
87068081
84651611
75711937
70985501
67276439
73362346
48009703
84490506
96614869
31530773
33874852
43305595
91833411
94391038
92185850
87391335
61793192
68998807
96444297
59025184
98090134
42582735
4603289
3382887
2642783
10766328
16292126
65720811
86190335
53053933
49194312
97328
85476242
11024082
67893564
14413406
34085324
33138135
94221986
80403164
71593964
2848739
92954116
95585954
17273804
95069811
53192138
21865226
7039051
57445194
25234637
44389235
78095837
96837681
83882928
83786687
25106159
73366016
76988328
30843601
2526148
7323642
58485919
59583259
68428965
18722424
16523763
17558577
7181488
10809236
74558384
40028208
96938029
14679704
36306990
63303896
36521584
54725186
53267196
28274043
74482848
18000091
92968192
23864856
81640975
37155290
9376810
3450166
56472539
64810756
99991084
56253116
90811354
75762780
34120106
94058313
41348502
37982657
35164035
69353241
82254450
11926682
43513924
36558720
79917967
77228143
35477557
19503720
5014205
94474689
28821798
4442790
26440193
69153989
2554418
52725118
13165603
72288924
8985904
62056015
521452
17876393
24100287
91265788
11239364
20181714
78694895
52639720
61768366
77585281
61136999
30609759
24150380
78379870
77729735
55042957
92640653
22652922
75340240
7739428
23045290
13232857
5144205
67816870
24424154
61112247
21249687
51085735
43950634
95777535
72133850
59564019
76322387
19876585
34610268
96673776
3043198
98436446
86074952
37365460
26305028
56843841
87071235
25963040
83409825
95480323
4936363
28017384
14419239
55179909
57295914
48840777
64254259
79642234
26152711
64302853
20815472
3265741
78459635
65024822
3036005
13477194
55938059
71393464
88548504
25408223
29443573
95394205
27912605
20090217
12020557
8607665
53202924
58972306
9148037
14023610
10820427
7628628
46863499
69416711
15460719
73732954
54349418
34025754
78987637
74583147
771891
80648747
17341855
67404378
29055987
79685694
23222383
61601526
1841965
3024687
16403660
8478041
39338708
32432385
60307832
42170826
84081153
35366293
76889551
90306928
38651565
468042
34886349
39380588
65112150
67157124
63214761
35401347
50030203
32957653
51101096
3582093
46125417
12955634
25222235
65310997
65977208
45272597
2825477
36912521
97502052
62378896
44526198
42626508
11970551
66318479
27773830
58513281
61397746
37436909
6094937
18159143
90695727
49776060
95739699
28873881
54599892
83530455
99627256
59559311
66380076
42065556
56449293
3888955
95770671
72443500
73705011
72143814
927569
24593057
59935466
18702354
48172180
74531184
57745780
13425614
84400609
350711
65045486
80607724
58021408
55228818
27240201
15235812
77491219
95438066
94492489
25726680
75012427
11085542
85101405
79857342
27870653
19536524
8319742
9048838
22513493
20359994
50729079
70258986
69255434
67525771
48257236
75962824
70436162
23656181
61315700
2114599
95399394
59464973
88201173
12353947
45167781
8822855
94304568
7927953
92140523
86565707
63423270
53003284
30503514
71370336
24468160
14806938
8592499
32762965
6951354
27031499
20097864
42282809
27725462
15453423
44297108
27525666
84610483
66911042
32499291
46246310
51599419
78173597
37962188
97915392
65210947
39664541
36152616
11293609
96767567
14289270
55870655
49548227
72424300
7235575
11536674
8204287
22002688
49761828
34588036
74487472
72284559
94377439
93544792
76219667
27433722
67846343
10762078
31685988
3309052
8136553
56847046
16412999
24741827
49066800
46470849
80211441
17004148
12934513
13807085
13790452
9715622
7561463
29271837
83718619
93135644
901681
46743898
76996669
1882375
31300330
19108399
75519280
90835465
7375730
6028341
87875944
82968846
69311367
56453722
81594709
44043695
34291475
9167275
31353791
75777117
1966675
83660349
31524109
82680061
75199836
22212833
14597076
93091589
79518822
56462466
26964828
47134464
46564930
92493580
22842501
87946484
91560985
62103311
64090953
86876178
42528571
62494233
49223779
66752547
2773787
96864482
75016569
33942466
53815443
98148463
34177400
80183914
64174122
13610280
21341162
78904430
97714272
72483449
39528337
22468114
31751933
71037698
68546834
30875466
29505322
16239633
9649875
60349740
6914515
20397445
37525588
905841
75973782
39910227
3430405
44924928
95639798
47232678
74525371
36228895
33010930
43693094
46280296
36242203
21632496
23216695
9101856
84656205
72585064
46555129
79937689
67095592
35921524
86569018
66041177
18828727
74007840
78658725
49507422
1854309
11121072
85809278
2239544
12324891
53462120
68080933
70920138
76847541
57355590
76039919
75175323
58050070
36489853
29713009
78342229
11003288
82102645
60146903
30746801
59288952
58310731
54392350
33200959
72808984
49462234
56678475
43755699
73111483
30196869
15212843
69550352
47715462
37608842
6441891
67862404
57495413
65940568
48720535
44329443
78632597
87342730
44668725
6936701
62760997
87212423
45080005
90026567
20836742
47940454
52767052
98059680
87820377
43579081
3416261
77190153
22403786
43700544
66884844
49751310
13231630
90465427
37890657
59702380
49661871
17375231
62313916
56452338
97788629
45038525
65552853
86413966
45506753
15297248
40111661
67620306
53923073
39644728
6257579
17699936
9518705
65355931
75900067
457359
63954122
28003408
69784701
73432203
14772265
12757993
79341054
59814159
62684091
91385999
60933470
45545169
61612643
3270889
50023818
29017120
70315222
14139368
32357118
34869524
88051807
28214514
30003050
18747607
43021853
44239208
93837254
7329665
2664088
78368375
72974954
98483555
44790356
35154917
58182089
69341786
9827076
33392845
30439878
5299926
92403366
15429657
55307571
88414762
14465219
66670354
3875108
64757734
71755698
86015531
78755741
62669006
55804874
4004958
42170149
35870458
94720954
88410939
78992605
99525725
1066762
60964171
37350911
40508598
65032145
15621263
51652574
69823569
14170076
71916944
93260146
35155356
45339973
79147897
3266339
92761596
15140811
34978196
48371024
65121787
82527808
96854174
50228609
46181984
80766480
68982568
25590233
8503367
27049969
40078432
9567734
60901489
18832516
17807378
19773324
51670277
42176969
42356565
47702559
92976215
29411025
43960177
98772836
91798390
49864105
49409656
42046772
62469572
28603290
1993291
22302109
71169826
39066207
75296779
26166520
4172890
40028324
46600017
69317999
86127139
41114635
269902
32661849
88805323
25235240
31333895
11050659
25675010
22590084
62797252
44013457
83915239
69221724
24008654
71968951
69112337
13173924
96034601
62479422
42082149
3199511
28256101
88001070
1671096
22004670
98525289
19664759
48333602
25331782
21906146
91738254
98878373
24290275
31485921
96450191
78173130
5166519
81666254
67742184
40448178
81167099
42482721
23528777
4560388
62699984
59250833
66155391
29112246
88281081
99869393
38535073
96067689
33415151
21031810
76190998
49921141
82667560
94991588
19505313
21476075
93974141
45933327
75134770
92177510
16297345
8887264
47281933
20810543
26506830
10226322
82015694
3335613
80345457
33875598
18241806
88694395
79551104
22087371
80412509
40804175
96178668
83437749
25580766
93664734
27892293
94279096
73265230
43637571
72351939
38653439
16037779
63314759
24928354
1737724
15452200
48251367
14375950
4407362
70145507
93603485
97504338
24191911
42700017
71667918
23846183
14200072
7344744
46832142
1142043
21574604
97365518
10073409
44368532
13381607
64291101
7220189
35571579
39032838
93458042
37459270
19818887
71554239
24420038
42034579
97894209
74962371
45335764
88799212
90164522
16288944
9855762
28928945
18236447
61788588
7862855
18461064
752515
47394528
59384552
39883042
39099562
64550000
36675359
88922347
69204459
87117002
19670820
8682715
54777385
61996257
17242125
36222085
19709492
89507356
54206806
26913297
37404799
61999512
46171644
87431827
80015561
26496082
58279423
63168658
61709909
66022782
65967002
34926225
97102062
12863893
29923468
64464726
12458620
90251909
64918588
4513597
19278423
2340560
41499623
80686167
91866057
21272468
99570487
45824571
67304016
77454426
62659037
24623519
56809760
22387668
97331552
38461049
7247887
19542461
87195627
70871308
21922303
82701285
91789087
3935920
57751364
79988887
27618240
77772074
85188898
30031579
79833394
45097132
80798633
32446700
98088344
9024271
36116861
16654751
26033046
28027632
79920099
22422521
3928874
90451891
44241464
20835981
67279251
91172032
5211741
59010750
65796677
35410287
53253339
49478763
23706736
27433661
66178018
79113085
24110474
77789936
67896799
88205504
4827796
18852898
92022230
44293949
85235158
43023273
51504491
25248352
4767892
27650398
14913256
43795939
10967838
95705469
29645761
45914571
94786066
83748615
99286166
6552649
13725757
50777762
78234430
65657079
33562285
71284104
16016826
88783987
87901746
40366215
51017760
94079369
12067839
49003671
69039097
58324269
68771020
32236879
34455244
75106206
93492411
2093875
90261637
89274676
34711791
67873244
76872712
5247511
14396955
18991571
1030962
96940160
37337819
80103619
24878991
13295052
93256655
50426371
67812387
126508
19340493
79596694
99195251
25663741
5415013
86689656
72437138
30279140
76303748
51459719
57736426
99027470
61177296
32009532
5889959
46857784
17099892
47728350
45632423
15355648
23533989
479470
34218402
43868869
18112129
75481408
20126547
32516050
72470479
38791439
93497611
79084608
22969739
2164870
14028560
14621957
87207744
26696725
52049710
74629547
15823494
75700570
81671096
47729625
67967487
79652029
54286889
58312591
37399608
56570368
27764800
28520394
57631608
15301808
59338985
54815655
2367642
44102994
55026458
52461368
24493577
83097544
94892922
32026776
92295146
4502650
7337766
54198199
99570566
11800651
58682845
75624905
83480835
35720514
41152106
90110718
67514320
1183048
95864037
81003132
38285833
1076763
91496111
47546412
37226888
77092484
60289647
39812119
99314651
236823
28452119
70837416
30938182
5798645
19851445
69190550
59073282
95254582
97111040
72756526
85627922
85828841
63959959
31027302
41502923
26366452
41883624
48173801
43699247
69932985
22606433
89420759
40430401
75701853
50388865
8687531
63678089
60431872
25695974
67727318
47096482
13724319
53005782
81221205
21837107
63461899
47060806
86828632
47693035
8067495
22929166
75402889
48340504
47956145
54565794
5335098
77282888
16240375
1614682
67388365
76404092
50081688
20157096
96781384
82966448
96622918
46682988
11501179
90557058
85953989
30713298
21530165
93131004
20021250
78697550
55915666
93528374
19238999
2143639
54274315
95119209
51616588
57147111
46688933
89022586
98488338
99904231
55001384
17343927
85799740
45485240
580838
3927760
80190416
12033651
76273327
27616749
80351019
37005478
86342116
71157978
64325130
31288239
79553145
95922840
22143436
73339248
92963065
23513295
26686448
87457408
28721938
44919998
95299489
16963217
28482612
89000883
35384085
14207870
76371334
53017542
89506007
50571857
3169015
91414407
16499900
6853720
82929781
38933162
49529705
59053935
45773527
72562420
95168256
72074373
44105648
40760725
79763862
56188027
83791652
42424275
62199070
89378652
85456154
45903783
17243511
81968827
84242243
27665086
62866365
36055912
12076066
95075631
88072554
38526137
67596372
72995914
81439857
40952513
80906971
52041656
33267692
45492238
16335837
1259987
76739511
78337393
97506915
90715733
18465746
23011455
16948644
78519900
9924600
83006390
84061450
20844541
99423143
628884
52930737
59647337
37800763
97057072
44726678
39699036
47475004
36469486
1716373
83564148
19235010
43444080
83871839
9786351
12412615
54249269
79582849
48643150
22294158
74672802
25357422
97303802
46903447
98239183
57442682
2543220
71971956
19223078
90834504
33678337
3136235
77081411
98332696
29820056
36308958
43858210
82737767
45873954
7346341
98945467
83685792
25702508
65115871
98666067
53334700
25421753
31774035
91171599
60361520
23088153
53055914
46268833
6344354
74184145
76543416
82428965
43820406
53627045
96608559
58734854
86161813
66845774
69442151
15538347
85737078
72424384
97061706
79590244
52819277
3000283
58606598
37660588
79922015
47065591
40581250
88819283
8212618
87348694
63270043
7250098
71928292
83526984
87200888
83230822
72432755
51403813
65369542
97646359
75326452
24628944
23328770
59047633
36457700
15939224
42646000
97413750
78629803
47577462
57977843
14322828
39639610
69514801
96377496
97214591
79645244
28769814
82415219
29963103
22414307
52475050
2507916
89210865
46656205
31426521
92222524
72193381
3732952
33211935
8875523
87711205
20104308
43676656
78580003
7567484
74000353
48915384
91960335
44744507
90419669
39083154
22972092
50603989
53024937
32263369
90796575
47867383
49220806
75658790
86183967
95640366
32845543
35546753
16862272
55284229
73444951
92245794
3275464
5279599
2564640
38596060
68651923
36347165
78989057
22288112
46038399
16624884
38317936
29321899
23195468
19356503
92720536
51093747
87166403
15112655
5676547
97236046
40576573
92287835
183904
11800697
11186011
75026932
30630314
70547943
10761841
71057291
56487857
49725946
35902232
39360792
16796747
43636659
65849715
34856449
79064769
82990582
85812657
63969251
10543315
4661387
12999828
30152235
3819126
25256522
98264831
29870090
22177695
40126784
17080899
46397576
98811627
60361580
96227244
74671737
58865116
26042515
54060438
80315278
41160959
51393562
46584734
94455455
37126135
25947963
91984438
97628354
47244354
65746271
1225761
20007962
80883204
74948851
47927730
34678632
54192915
44010893
18318976
81969194
17152261
72990928
46190868
82792066
1178738
86072370
3774181
9439776
50670924
13901636
54223980
74788209
27605068
99276870
31982395
27255642
87670166
27268262
27761487
77707348
3618944
31329775
79741860
29873492
37991822
30438232
51524251
68200133
40540460
3673466
88078419
78422087
9968121
36140758
52002459
24998478
66234547
67806071
24483555
78709585
58076770
34954889
54917220
30358897
38112770
16951050
94968991
17880920
5935039
11879479
95620266
91399810
59630447
21744122
80790309
37450347
28838735
73603939
85406186
55066427
74757279
19156021
46836598
39500844
76016325
18985705
23967124
60232577
44008622
99957451
93292933
55740634
95582889
80654539
2377781
31846101
84498029
87600559
19769296
87248164
12153616
9620973
34365266
25011350
23877003
73738378
38186557
17746720
47351825
45903504
97723851
13653897
52762192
59371314
90230379
63953881
55209091
30882066
85184644
56292516
96606554
24743571
80182745
44755473
99850709
3684954
50827616
53264573
60136856
96879236
55991246
12454372
68037389
74479978
39436732
68572696
70238734
53078608
8452865
82887763
11161443
36163120
55599606
32350284
52444804
99201900
5413233
61457281
18115500
90991188
32192132
40755613
33260021
75033036
56819509
91932860
34999992
80753490
73961746
91739488
52601504
33931833
48597913
43125358
869326
26682327
48592784
42072153
38908499
12430541
25387319
18342655
81935507
78923421
86838368
54724814
10399082
27985739
9402657
11718305
30900308
47144743
48731092
32940244
57805970
67919520
49873425
60624109
44518413
32548256
57397110
20106781
81422218
88269766
61270388
16501018
33145335
12056461
8100682
63538275
85933989
79138786
52632941
43256528
52938156
18454011
58892356
82579727
63808826
48065184
78846986
77277320
85557687
16733330
73714801
18303628
28609661
4301134
74233757
5555958
41983652
63173012
39429357
34600305
63967297
23037490
15028473
30177926
63621279
5936023
42815841
21919627
22442159
5409804
2011292
54710865
97889648
40847881
84197535
34846533
40574181
69685372
1917585
40869081
48818706
32337435
70506728
14356206
39783076
45676146
92923927
79974311
58501669
87387302
3213987
48979938
42051336
16704776
67527555
47738660
62183373
74440863
13906015
62386091
66465326
94207689
75157868
52112894
84894185
6516717
89678325
78919681
32927780
64625874
3534535
24135232
38956099
53394756
63683544
15806392
85364808
85725022
96264195
38696908
13252150
97491716
16133260
26753069
20323248
14720480
95573079
1149577
73526019
30268943
95282020
42326796
91484997
94735303
78270339
18849789
54436925
55449646
57504290
20296392
92510756
52619705
77170116
11131843
90687320
43445613
4889486
41231815
49370581
30761097
2537461
96354074
8675007
48362409
75418300
42486972
43133404
11109487
14736335
42088142
74469053
61349462
17484548
85752395
49904625
15023912
46025806
46617660
29298357
62158898
34154834
60528062
46737139
8252450
7268112
38816783
6742768
54902796
61149727
2506750
84478823
95353751
79469831
19848713
14318156
46402403
67333520
14806945
63727681
76969701
27897191
81750058
32961496
50395708
54138858
83617585
64566837
31774141
55258047
17406663
3456662
4285436
81933917
85565340
24330920
80395010
72190938
36937472
24670167
5045284
51335627
68042593
71163421
57659864
95588389
51097669
49506352
96926514
8402800
15120603
52361743
84352455
45677450
23979350
79275556
1157742
33446322
74863969
60163905
84650785
95741846
38747311
1382523
9057178
85754518
79014375
86160154
79149500
42344955
42801438
59493354
67414953
72051986
31527269
37189470
56872367
49115873
6871140
65091410
9476077
69642751
40271635
17695013
27324705
88329613
32979685
7558618
10585998
14294818
35452655
83636709
44050102
76694955
16525637
48179061
68705786
15219145
16553629
68904738
80282179
59779350
29617054
21200072
7089985
81514520
25515126
44377507
52229240
77056434
51495138
10288271
46520741
46930573
50039579
36959776
19155626
3798432
11307499
42593074
57538134
40471711
10114616
33983798
26178470
11211791
28837136
22724084
59051346
71667561
74526807
67278253
55335098
15887107
83388490
64405002
52950639
41400931
49242676
77218777
41068445
76649281
93962565
60145904
98452053
58520530
57170629
27304217
86843127
38761223
8049282
53660902
79958385
9086732
74097206
15000198
32652443
33493075
68093706
90700175
22595199
8972878
84672376
60874651
55030920
74250485
17849586
31784604
58825607
94665549
2237938
2465866
39528823
82930270
23148265
85610810
17398226
8926114
77394943
70516553
81282290
90196681
21967081
83395715
8491261
58333473
13070662
38768184
70165276
79341103
70063307
25409431
52681609
49819517
2654481
30693882
16301659
4952941
33458737
5891755
65220084
51827805
92896461
77617465
30081625
32948904
22286994
32320893
85046439
90134098
39429822
53112895
64498868
22315582
52716981
69315263
35628912
47326355
43704981
15123154
95432954
3790706
80541292
27690505
38021853
30626875
73179065
49208717
93181603
86015347
82533270
11818408
85366547
49649094
60583479
58784423
3273431
85516439
31736697
61098052
7898961
34736435
29757821
86391819
21865942
25796287
47091987
54701783
98104713
97430540
47715374
80558322
30666652
8410822
58928467
93019680
77146227
1427483
81828255
718896
8231721
34966242
37177829
77355245
95424584
28684326
9608998
17166331
95491173
72678504
4812080
99584982
44285059
60358581
58177084
61748573
46638303
61283338
82721338
2220833
9446617
18249402
59066383
38669806
82027160
74339972
81152242
37134223
64113555
85796311
57249387
89254160
17319450
62505254
55153509
60067855
64006148
42305523
62271456
95988528
47126728
33780971
24289621
72877976
53346850
37294897
24125812
40377128
28368773
53261894
36911934
91871170
98560292
42177775
14186213
73314718
59988361
39060473
78789719
15221276
568405
34612974
1824254
31438431
24687847
8188661
29494868
84827119
27903690
54727097
47863383
59057571
40770266
49586738
38402949
47584116
35096598
76533756
46430902
24050034
3630717
95376038
16369146
91293945
13372575
80104727
66932891
10921827
67156366
79197425
75311860
79780320
42562663
67373085
15476981
33277135
26839107
18384008
44977477
6899622
76496026
31031572
9627229
62085943
26984174
74701760
44700407
36994029
45113974
11733142
97717742
95311313
95966085
28643116
7187104
67199157
39789243
1409398
99124629
94401766
29602082
73024555
81360061
33063959
46829790
52284341
63032921
27109269
82407860
5346259
56710605
79735592
95256326
67689548
17212143
72208705
78190503
53060709
47990554
50763257
96737337
1098606
49240042
32853264
6481500
70643669
82480732
51226388
81979716
90247135
74645507
34244335
91564070
69045641
780032
45688035
97047636
77970371
52471405
85133892
33723763
99926612
21180729
2182318
50241893
39580455
82946351
95519224
17637938
63635443
12754521
47038139
69552690
15431680
82964230
62130705
45411211
94944072
90292671
90101478
29638579
25558607
21223664
60780234
62830214
70791769
71249629
8209321
32784878
11143926
9238918
43572733
92192075
23374222
2144720
35648685
50486940
62723178
64116894
68788363
58521286
55937284
38998998
52650095
51914248
97576715
92355114
56317861
27401813
34288128
65210232
52207172
80286707
32537062
19721334
54620052
56361078
52862489
45390850
43640038
53372958
17404263
31005834
8007574
77782593
92577405
58471387
9885668
64549783
59608855
89592550
43779659
16210841
67713305
41740825
94246249
9817796
46687440
9089096
61661215
45665452
55543429
61380156
95880304
21891755
71330170
12480578
5195362
66189809
84284114
83330585
72459634
40484400
71058604
49041139
2861313
7095146
11174590
27950373
29763191
8128832
70919749
64034114
69748971
24766609
89576847
34126141
88923177
4066306
42590367
44016303
83342741
67895948
14082804
54404691
92974339
96489234
12864985
79178715
84222911
6256037
45281540
42229050
33630015
31019571
83544355
93629082
47510100
81511977
21066910
4098871
65220022
58953635
55688771
75382437
15425416
50564123
98336754
10469110
56869232
25146733
56014736
83744685
26468344
80654504
59700352
90333680
24313478
67984875
97000117
33197090
19904012
85858401
77233701
93214433
87040092
45906186
20493954
97604756
42380809
87145620
82988056
77179539
88291049
5662687
89497848
1177507
70586072
3031245
7790354
88478835
62098528
54711419
19387352
85467373
95943050
55991967
99692587
23623007
22618557
22611530
13754415
75307364
36083211
50086030
3517931
8649642
53826088
63751779
62613144
87607360
25538037
6891504
12100600
56493893
26200768
22696031
80058816
64994858
28872864
88836969
2592906
78929358
19662757
5874615
70201120
3363657
89723932
11016368
32127239
28446535
55894991
64367568
98483968
44889910
19268163
27770917
10768726
88454520
69899303
78567202
50318170
51118900
24544866
79628351
67999966
16935872
10996433
63271180
79404366
52052829
96646078
86747000
31600436
61420758
86818497
80257024
18762363
2192290
65642009
89560059
51853013
34240238
11277048
70276620
79272703
81021988
29214646
14607007
19456432
21639611
90882710
78868920
99755598
54574131
92377153
67251143
30525225
31061558
49707893
90241029
22715550
778724
25052868
1765967
18881176
49612761
21957245
94543790
19882795
24995664
39181322
76102528
50290972
83916750
33252991
71332714
38046435
35337239
75348128
87454721
57751450
33089381
7488472
71982231
22529575
42497149
57204994
54679613
82173134
19873130
43285587
89450695
19662311
41839802
4932421
73831874
6397683
22822244
82609672
59872481
49572702
2259647
71799092
27235070
23426357
74620174
85418601
75871519
15518451
5689457
83568105
36493121
11253696
19584513
7751709
29279099
35445298
28961656
48706041
20156658
59947289
6391332
84976692
66567986
58983879
30602336
84082661
54216780
70634358
85599854
73225756
29128215
97145624
15687353
25250108
43804947
89516512
92076001
25367529
28260773
53385294
53077260
53860067
14631859
91567160
52402191
23076665
14804496
26921081
9846335
16607802
96910835
11387145
28540083
99928290
729347
57072987
70817968
13468741
81763701
4174019
73605141
90973336
46496469
81553694
54385017
96621841
79539836
57437183
99642645
54873910
81754592
38171542
31239141
1416457
35000928
61060551
27162958
42689859
79423785
4269
57358812
68157293
60849123
51930681
66145911
39686577
53108687
93086613
57628823
19145756
29818732
16601042
87462322
71292433
43566406
73561299
57639076
52360135
31484634
16354945
49504388
41458509
89126508
76243980
99706879
84170795
6297723
8826572
92845838
75800443
28335513
37686559
95378556
4413857
51898103
84808545
43639026
30375269
38898654
28748197
19412136
78471315
75201901
74181821
53144311
84552269
21076470
88752371
12146335
15239877
85741479
56332332
97661722
70451820
85462064
54693875
82302332
71505343
8985148
18867473
13248593
90844174
96614966
38574620
13724088
57577170
75896912
15079081
34640035
425171
80342253
47907728
47158271
38437286
50074840
33355566
44493517
39419574
39641361
17677536
92405771
95126934
31573232
3800476
61897363
83145956
73116028
87264563
70375101
2476356
28059921
56672915
57011533
93185752
2258982
37254965
34884819
37980236
41383308
43750030
28142729
62634389
85969141
24280626
87089056
10082407
22127474
84891303
36241313
52939410
39152468
86552658
31720074
58392964
46723319
92568862
16954911
14461831
5933038
88388868
4722659
23753989
89032964
89575323
32725794
24162452
64291255
24686504
42271960
78708749
75508251
70261814
68333033
99817037
14069099
82015820
18241315
80012230
48238312
51797061
52408211
57581184
25376943
75372347
61007862
33785852
45667661
57867474
38331590
15415038
71207722
59682636
33680271
32486022
19119034
38405553
57521863
56240024
75846541
95093895
50391356
75348157
43909157
74878605
29007911
59650525
18923365
47760910
4840464
72740349
64548970
96548322
8664849
79774754
23435342
34067626
49055735
34106043
63875007
72930496
40529881
92278446
4715913
52744609
26226462
28295186
97140363
71668230
95677745
64554433
42593855
72784072
87482650
71133833
8261503
75669365
76804780
60206431
48330833
42562746
27132933
1599450
61614375
84367028
15771757
59850340
3179864
93429475
96340763
43583738
70702706
29018678
8042014
78883206
27563829
36996563
58692924
35223126
87212398
36841892
24575674
79742583
76413348
42889423
69582117
60772473
94563420
27037396
493248
17303297
21287914
63947847
28582930
19528333
51840461
71983753
50857145
91353009
73793457
67843830
87288576
60630990
35413123
46678765
24783123
53920162
6264588
16754117
59196884
46032366
37603997
56198193
45027923
71261278
53720041
72978592
84420439
74721971
15790828
84069204
51021464
1399357
54727988
68651806
53372641
34544103
40175146
3427928
90412118
39747641
19809512
59764626
43107729
32235426
94099987
80440019
80111554
4474491
24332631
30213501
18242371
99498421
50488918
43601592
91429623
76610435
30615292
25757534
4660142
64095631
75764343
72401649
96204810
15461249
36701477
71245424
46710686
12747811
3587749
73537667
47480477
8519297
3764267
15377298
78913570
88929240
93885971
10968188
63175701
53002514
61972877
15813262
60544154
41345965
80139207
46511881
60033253
177918
33651362
25171094
81159349
4635076
68421682
60665503
71966731
37116262
27592970
80060042
23043553
54768947
95231528
12691544
36663446
26066124
20833651
35328422
90111791
46105401
33961219
11102021
26152734
85349262
80589425
55563348
74222684
62222747
35628294
19852792
91641408
10762488
49244854
16536714
1861911
71406188
56454227
80470713
22945440
28262439
86131417
62904840
61223936
9954050
93359134
60471736
18763488
5715352
46647892
90490551
79160568
91615745
38707007
43995361
65181163
98255130
53479666
81608820
51610312
74983388
84277019
63135534
51677465
6967806
33119197
21042998
86890290
45039600
82203287
31166307
28568603
55250686
93205623
75124967
52873968
3578947
88205362
28946486
63818147
17269372
957958
51178472
33140599
49648639
60497421
5840388
92066377
38524457
10319272
1998254
48180447
20157453
75319059
25635150
70370940
5588621
29710554
43663424
87885780
31803013
94177668
62943082
80582092
61057228
90740748
42027796
21678583
80425624
29046034
49720194
46659163
37313602
40304256
79651511
5043512
33553942
64380555
97345206
24440638
63352511
25274451
75807164
51614773
87832943
66060877
69697412
86795496
64774308
22438996
92716873
26470054
99985995
94726148
30675468
45068325
91154855
43781181
58264247
82962128
18084768
73419749
10331327
90576249
34531082
32665307
33107067
7955954
36781324
12798263
50684232
63223202
5916495
35493289
24070506
34742694
74315263
34604499
20821530
48781019
51931794
10545948
81873702
73869875
28163514
54411671
20637812
35507257
12939366
60101728
11076824
12667353
82293482
26574070
8567851
3128848
86539996
15459929
29712739
61619285
73796738
32654822
9024372
43603969
56194308
34796403
98071095
20551857
78428457
63665600
80237928
55290899
20466915
96444139
97633994
7152173
92223490
36618843
21370305
93817037
35439137
84312157
35549990
8574638
31594268
99859751
11901543
93959117
59964995
17289142
80885533
46833849
93776784
26222173
84676141
48211938
23885878
68941417
21294881
50190190
36889370
13606186
19627595
41841513
30934234
49371163
4005436
52670718
15842482
92263295
83693984
42180450
38468408
58952936
66271758
97138389
65622763
6712515
39565932
43910811
64859759
92112157
94281125
71797050
48609088
21597878
29220393
26399212
15318625
68983116
46621141
31983975
38263965
15426915
42981139
70600403
57319927
44593235
87000702
99823453
78141299
87020570
37041660
30226158
36216790
41605113
86493060
58532975
98234772
32398590
27426980
8232301
60249981
23824063
94881219
94173930
40754393
78525977
92042151
4354697
23455719
59360509
41923583
35268405
49586864
23261149
94559091
86628383
20362083
46155979
62147785
97310280
98966563
19805123
49877658
45348239
17723242
13139789
46524724
3170914
68623045
77896790
7514928
60222901
92664656
60736776
48205402
10379456
60267715
43996267
6499282
74570304
35012870
65555005
81035316
81145214
37927579
46179763
96363338
76966825
89414639
38344587
18873607
68495422
95814225
53077509
54432108
82927347
26271619
72185834
4153421
4448591
98255845
47905086
19802017
85002716
29859701
27607169
74914645
95925890
68443272
45264489
76249174
75722712
42893586
84161512
92970235
37572530
19749292
31633736
15966839
60018533
17957631
54133452
92449526
24589499
37899271
60643939
62608463
74553307
43069948
52020487
92662556
76794715
57514101
10227752
54373845
54927897
58830884
97699391
84237895
84382207
73806393
82531778
55190959
50718007
22650361
50798238
79964273
75475640
14878746
52811087
8402671
56861398
67727235
5558853
27273728
8928051
82927671
24183410
80655972
88475894
65982366
50109669
99990894
2490666
22235769
34125353
10293553
26780440
4808185
7274285
2472777
6734660
38126624
79283166
52156363
77323737
84903024
75276213
51145653
93919864
24565463
93121558
87478828
43350483
31778109
2709173
34274731
52156032
16493873
10229820
35810969
39722298
15692135
3856167
70085933
4181702
53462292
46307822
12188925
48888448
47373205
88375571
78774614
15425241
41715564
56155498
22314534
37936366
25706159
67236236
91202973
62040396
34369582
71343166
68563949
46778702
22767638
55948498
62290275
85867695
31242952
65301667
45279112
88626699
67391648
5095131
54720281
10464885
60331566
4152941
90231475
53012514
2834101
13558422
47710893
12652607
83321703
15199712
34285038
15694075
74048441
16080857
24054066
38778197
67785942
66514396
75224305
88081520
52113168
38646309
63370774
49520210
88192597
37712934
35518741
55642715
22667131
29820587
79067577
45465698
16637324
52720230
63065965
30276944
64621852
52907870
59423840
27667243
66133177
21467251
74016537
63690830
43970947
67071331
27198034
26349076
16333554
73234925
33581714
74242011
17715021
21893983
55338839
13827546
15950413
80202990
30396115
96949040
41614854
3890278